1.1.1.1.0.0.1.1.0.0,5,1.1.1.1.0.0.1.1.0.0,-1,True
1.1.1.1.0.0.1.1.0.0,3,1.0.0.0.0.0.1.1.0.0,-1,True
1.1.1.1.0.0.1.1.0.0,4,1.1.0.1.0.0.1.1.0.0,-0.1,False
1.1.0.1.0.0.1.1.0.0,2,1.0.0.0.0.0.1.1.0.0,-1,True
1.1.1.1.0.0.1.1.0.0,4,1.1.0.1.0.0.1.1.0.0,-0.1,False
1.1.0.1.0.0.1.1.0.0,3,1.0.0.0.0.0.1.1.0.0,-1,True
1.1.1.1.0.0.1.1.0.0,4,1.1.0.1.0.0.1.1.0.0,-0.1,False
1.1.0.1.0.0.1.1.0.0,2,1.0.0.0.0.0.1.1.0.0,-1,True
1.1.1.1.0.0.1.1.0.0,2,1.1.0.1.0.0.1.1.0.0,-0.1,False
1.1.0.1.0.0.1.1.0.0,3,1.0.0.0.0.0.1.1.0.0,-1,True
1.1.1.1.0.0.1.1.0.0,1,1.1.1.1.0.0.1.1.0.0,-1,True
1.1.1.1.0.0.1.1.0.0,1,1.1.1.1.0.0.1.1.0.0,-1,True
1.1.1.1.0.0.1.1.0.0,3,1.0.0.0.0.0.1.1.0.0,-1,True
1.1.1.1.0.0.1.1.0.0,2,1.1.0.1.0.0.1.1.0.0,-0.1,False
1.1.0.1.0.0.1.1.0.0,3,1.0.0.0.0.0.1.1.0.0,-1,True
1.1.1.1.0.0.1.1.0.0,0,1.1.1.1.0.0.1.1.0.0,-0.1,False
1.1.1.1.0.0.1.1.0.0,5,1.1.1.1.0.0.1.1.0.0,-0.1,False
1.1.1.1.0.0.1.1.0.0,1,0.1.1.1.0.0.0.1.0.0,-1,True
1.1.1.1.0.0.1.1.0.0,5,1.1.1.1.0.0.1.1.0.0,-1,True
1.1.1.1.0.0.1.1.0.0,3,1.0.0.0.0.0.1.1.0.0,-1,True
1.1.1.1.0.0.1.1.0.0,5,1.1.1.1.0.0.1.1.0.0,-1,True
1.1.1.1.0.0.1.1.0.0,5,1.1.1.1.0.0.1.1.0.0,-1,True
1.1.1.1.0.0.1.1.0.0,3,1.0.0.0.0.0.1.1.0.0,-1,True
1.1.1.1.0.0.1.1.0.0,2,1.1.0.1.0.0.1.1.0.0,-0.1,False
1.1.0.1.0.0.1.1.0.0,2,1.0.0.0.0.0.1.1.0.0,-1,True
1.1.1.1.0.0.1.1.0.0,2,1.1.0.1.0.0.1.1.0.0,-0.1,False
1.1.0.1.0.0.1.1.0.0,4,1.0.0.0.0.0.1.1.0.0,-1,True
1.1.1.1.0.0.1.1.0.0,4,1.1.0.1.0.0.1.1.0.0,-0.1,False
1.1.0.1.0.0.1.1.0.0,4,1.0.0.0.0.0.1.1.0.0,-1,True
1.1.1.1.0.0.1.1.0.0,1,1.1.1.1.0.0.1.1.0.0,-1,True
1.1.1.1.0.0.1.1.0.0,4,1.1.0.1.0.0.1.1.0.0,-0.1,False
1.1.0.1.0.0.1.1.0.0,4,1.0.0.0.0.0.1.1.0.0,-1,True
1.1.1.1.0.0.1.1.0.0,2,1.1.0.1.0.0.1.1.0.0,-0.1,False
1.1.0.1.0.0.1.1.0.0,3,1.0.0.0.0.0.1.1.0.0,-1,True
1.1.1.1.0.0.1.1.0.0,2,1.1.0.1.0.0.1.1.0.0,-0.1,False
1.1.0.1.0.0.1.1.0.0,4,1.0.0.0.0.0.1.1.0.0,-1,True
1.1.1.1.0.0.1.1.0.0,0,1.1.1.1.0.0.1.1.0.0,-0.1,False
1.1.1.1.0.0.1.1.0.0,2,1.1.1.1.0.0.1.1.0.0,-1,True
1.1.1.1.0.0.1.1.0.0,2,1.1.0.1.0.0.1.1.0.0,-0.1,False
1.1.0.1.0.0.1.1.0.0,5,1.1.1.1.0.0.1.1.0.0,-0.1,False
1.1.1.1.0.0.1.1.0.0,4,1.1.0.1.0.0.1.1.0.0,-0.1,False
1.1.0.1.0.0.1.1.0.0,5,1.1.1.0.0.0.1.1.0.0,-0.1,False
1.1.1.0.0.0.1.1.0.0,1,1.1.1.1.0.0.1.1.0.0,-1,True
1.1.1.1.0.0.1.1.0.0,3,1.0.0.0.0.0.1.1.0.0,-1,True
1.1.1.1.0.0.1.1.0.0,0,1.1.1.1.0.0.1.1.0.0,-0.1,False
1.1.1.1.0.0.1.1.0.0,2,1.1.1.1.0.0.1.1.0.0,-1,True
1.1.1.1.0.0.1.1.0.0,1,1.1.1.1.0.0.1.1.0.0,-1,True
1.1.1.1.0.0.1.1.0.0,2,1.1.0.1.0.0.1.1.0.0,-0.1,False
1.1.0.1.0.0.1.1.0.0,5,1.1.1.1.0.0.1.1.0.0,-0.1,False
1.1.1.1.0.0.1.1.0.0,3,1.0.0.0.0.0.1.1.0.0,-1,True
1.1.1.1.0.0.1.1.0.0,5,1.1.1.1.0.0.1.1.0.0,-1,True
1.1.1.1.0.0.1.1.0.0,0,1.1.1.1.0.0.1.1.0.0,-0.1,False
1.1.1.1.0.0.1.1.0.0,2,1.1.1.1.0.0.1.1.0.0,-1,True
1.1.1.1.0.0.1.1.0.0,3,1.0.0.0.0.0.1.1.0.0,-1,True
1.1.1.1.0.0.1.1.0.0,5,1.1.1.1.0.0.1.1.0.0,-1,True
1.1.1.1.0.0.1.1.0.0,2,1.1.0.1.0.0.1.1.0.0,-0.1,False
1.1.0.1.0.0.1.1.0.0,1,1.1.1.1.0.0.1.1.0.0,-0.1,False
1.1.1.1.0.0.1.1.0.0,2,1.1.0.1.0.0.1.1.0.0,-0.1,False
1.1.0.1.0.0.1.1.0.0,2,1.0.0.0.0.0.1.1.0.0,-1,True
1.1.1.1.0.0.1.1.0.0,4,1.1.0.1.0.0.1.1.0.0,-0.1,False
1.1.0.1.0.0.1.1.0.0,3,1.0.0.0.0.0.1.1.0.0,-1,True
1.1.1.1.0.0.1.1.0.0,5,1.1.1.1.0.0.1.1.0.0,-1,True
1.1.1.1.0.0.1.1.0.0,4,1.1.0.1.0.0.1.1.0.0,-0.1,False
1.1.0.1.0.0.1.1.0.0,5,1.1.1.0.0.0.1.1.0.0,-0.1,False
1.1.1.0.0.0.1.1.0.0,5,1.1.1.0.0.0.1.1.0.0,-0.1,False
1.1.1.0.0.0.1.1.0.0,0,1.1.1.0.0.0.1.1.0.0,-0.1,False
1.1.1.0.0.0.1.1.0.0,4,0.1.0.0.0.0.1.1.0.0,-1,True
1.1.1.1.0.0.1.1.0.0,1,1.1.1.1.0.0.1.1.0.0,-1,True
1.1.1.1.0.0.1.1.0.0,2,1.1.0.1.0.0.1.1.0.0,-0.1,False
1.1.0.1.0.0.1.1.0.0,4,1.0.0.0.0.0.1.1.0.0,-1,True
1.1.1.1.0.0.1.1.0.0,0,1.1.1.1.0.0.1.1.0.0,-0.1,False
1.1.1.1.0.0.1.1.0.0,3,1.1.1.1.0.0.1.1.0.0,-0.1,False
1.1.1.1.0.0.1.1.0.0,5,1.1.1.1.0.0.1.1.0.0,-1,True
1.1.1.1.0.0.1.1.0.0,5,1.1.1.1.0.0.1.1.0.0,-1,True
1.1.1.1.0.0.1.1.0.0,4,1.1.0.1.0.0.1.1.0.0,-0.1,False
1.1.0.1.0.0.1.1.0.0,1,1.1.1.1.0.0.1.1.0.0,-0.1,False
1.1.1.1.0.0.1.1.0.0,5,1.1.1.1.0.0.1.1.0.0,-1,True
1.1.1.1.0.0.1.1.0.0,0,1.1.1.1.0.0.1.1.0.0,-0.1,False
1.1.1.1.0.0.1.1.0.0,3,1.1.1.1.0.0.1.1.0.0,-0.1,False
1.1.1.1.0.0.1.1.0.0,5,1.1.1.1.0.0.1.1.0.0,-1,True
1.1.1.1.0.0.1.1.0.0,4,1.1.0.1.0.0.1.1.0.0,-0.1,False
1.1.0.1.0.0.1.1.0.0,2,1.0.0.0.0.0.1.1.0.0,-1,True
1.1.1.1.0.0.1.1.0.0,5,1.1.1.1.0.0.1.1.0.0,-1,True
1.1.1.1.0.0.1.1.0.0,4,1.1.0.1.0.0.1.1.0.0,-0.1,False
1.1.0.1.0.0.1.1.0.0,3,1.0.0.0.0.0.1.1.0.0,-1,True
1.1.1.1.0.0.1.1.0.0,2,1.1.0.1.0.0.1.1.0.0,-0.1,False
1.1.0.1.0.0.1.1.0.0,1,1.1.1.1.0.0.1.1.0.0,-0.1,False
1.1.1.1.0.0.1.1.0.0,4,1.1.0.1.0.0.1.1.0.0,-0.1,False
1.1.0.1.0.0.1.1.0.0,3,1.0.0.0.0.0.1.1.0.0,-1,True
1.1.1.1.0.0.1.1.0.0,4,1.1.0.1.0.0.1.1.0.0,-0.1,False
1.1.0.1.0.0.1.1.0.0,2,1.0.0.0.0.0.1.1.0.0,-1,True
1.1.1.1.0.0.1.1.0.0,1,1.1.1.1.0.0.1.1.0.0,-1,True
1.1.1.1.0.0.1.1.0.0,4,1.1.0.1.0.0.1.1.0.0,-0.1,False
1.1.0.1.0.0.1.1.0.0,3,1.0.0.0.0.0.1.1.0.0,-1,True
1.1.1.1.0.0.1.1.0.0,3,1.0.0.0.0.0.1.1.0.0,-1,True
1.1.1.1.0.0.1.1.0.0,3,1.0.0.0.0.0.1.1.0.0,-1,True
1.1.1.1.0.0.1.1.0.0,3,1.0.0.0.0.0.1.1.0.0,-1,True
1.1.1.1.0.0.1.1.0.0,1,1.1.1.1.0.0.1.1.0.0,-1,True
1.1.1.1.0.0.1.1.0.0,5,1.1.1.1.0.0.1.1.0.0,-1,True
1.1.1.1.0.0.1.1.0.0,2,1.1.0.1.0.0.1.1.0.0,-0.1,False
1.1.0.1.0.0.1.1.0.0,3,1.0.0.0.0.0.1.1.0.0,-1,True
1.1.1.1.0.0.1.1.0.0,4,1.1.0.1.0.0.1.1.0.0,-0.1,False
1.1.0.1.0.0.1.1.0.0,0,1.1.1.1.0.0.1.1.0.0,-1,True
1.1.1.1.0.0.1.1.0.0,4,1.1.0.1.0.0.1.1.0.0,-0.1,False
1.1.0.1.0.0.1.1.0.0,0,1.1.1.1.0.0.1.1.0.0,-1,True
1.1.1.1.0.0.1.1.0.0,5,1.1.1.1.0.0.1.1.0.0,-1,True
1.1.1.1.0.0.1.1.0.0,0,1.1.1.1.0.0.1.1.0.0,-0.1,False
1.1.1.1.0.0.1.1.0.0,5,1.1.1.1.0.0.1.1.0.0,-0.1,False
1.1.1.1.0.0.1.1.0.0,4,1.1.1.0.0.0.1.1.0.0,-0.1,False
1.1.1.0.0.0.1.1.0.0,2,1.1.1.1.0.0.1.1.0.0,-1,True
1.1.1.1.0.0.1.1.0.0,3,1.0.0.0.0.0.1.1.0.0,-1,True
1.1.1.1.0.0.1.1.0.0,4,1.1.0.1.0.0.1.1.0.0,-0.1,False
1.1.0.1.0.0.1.1.0.0,5,1.1.1.0.0.0.1.1.0.0,-0.1,False
1.1.1.0.0.0.1.1.0.0,0,1.1.1.0.0.0.1.1.0.0,-0.1,False
1.1.1.0.0.0.1.1.0.0,1,1.1.1.1.0.0.1.1.0.0,-0.1,False
1.1.1.1.0.0.1.1.0.0,0,0.1.1.1.0.0.0.1.1.0,-0.1,False
0.1.1.1.0.0.0.1.1.0,4,0.1.1.0.0.0.0.1.0.0,-0.1,False
0.1.1.0.0.0.0.1.0.0,3,1.1.1.0.0.0.1.1.0.0,-0.1,False
1.1.1.0.0.0.1.1.0.0,2,1.1.1.1.0.0.1.1.0.0,-1,True
1.1.1.1.0.0.1.1.0.0,0,1.1.1.1.0.0.1.1.0.0,-0.1,False
1.1.1.1.0.0.1.1.0.0,0,0.1.1.1.0.0.0.1.0.0,-1,True
1.1.1.1.0.0.1.1.0.0,3,1.0.0.0.0.0.1.1.0.0,-1,True
1.1.1.1.0.0.1.1.0.0,4,1.1.0.1.0.0.1.1.0.0,-0.1,False
1.1.0.1.0.0.1.1.0.0,3,1.0.0.0.0.0.1.1.0.0,-1,True
1.1.1.1.0.0.1.1.0.0,5,1.1.1.1.0.0.1.1.0.0,-1,True
1.1.1.1.0.0.1.1.0.0,5,1.1.1.1.0.0.1.1.0.0,-1,True
1.1.1.1.0.0.1.1.0.0,5,1.1.1.1.0.0.1.1.0.0,-1,True
1.1.1.1.0.0.1.1.0.0,2,1.1.0.1.0.0.1.1.0.0,-0.1,False
1.1.0.1.0.0.1.1.0.0,3,1.0.0.0.0.0.1.1.0.0,-1,True
1.1.1.1.0.0.1.1.0.0,5,1.1.1.1.0.0.1.1.0.0,-1,True
1.1.1.1.0.0.1.1.0.0,1,1.1.1.1.0.0.1.1.0.0,-1,True
1.1.1.1.0.0.1.1.0.0,3,1.0.0.0.0.0.1.1.0.0,-1,True
1.1.1.1.0.0.1.1.0.0,0,1.1.1.1.0.0.1.1.0.0,-0.1,False
1.1.1.1.0.0.1.1.0.0,3,1.1.1.1.0.0.1.1.0.0,-0.1,False
1.1.1.1.0.0.1.1.0.0,1,1.1.1.1.0.0.1.1.0.0,-1,True
1.1.1.1.0.0.1.1.0.0,3,1.0.0.0.0.0.1.1.0.0,-1,True
1.1.1.1.0.0.1.1.0.0,3,1.0.0.0.0.0.1.1.0.0,-1,True
1.1.1.1.0.0.1.1.0.0,4,1.1.0.1.0.0.1.1.0.0,-0.1,False
1.1.0.1.0.0.1.1.0.0,1,1.1.1.1.0.0.1.1.0.0,-0.1,False
1.1.1.1.0.0.1.1.0.0,2,1.1.0.1.0.0.1.1.0.0,-0.1,False
1.1.0.1.0.0.1.1.0.0,2,1.0.0.0.0.0.1.1.0.0,-1,True
1.1.1.1.0.0.1.1.0.0,1,1.1.1.1.0.0.1.1.0.0,-1,True
1.1.1.1.0.0.1.1.0.0,5,1.1.1.1.0.0.1.1.0.0,-1,True
1.1.1.1.0.0.1.1.0.0,3,1.0.0.0.0.0.1.1.0.0,-1,True
1.1.1.1.0.0.1.1.0.0,2,1.1.0.1.0.0.1.1.0.0,-0.1,False
1.1.0.1.0.0.1.1.0.0,4,1.0.0.0.0.0.1.1.0.0,-1,True
1.1.1.1.0.0.1.1.0.0,2,1.1.0.1.0.0.1.1.0.0,-0.1,False
1.1.0.1.0.0.1.1.0.0,5,1.1.1.1.0.0.1.1.0.0,-0.1,False
1.1.1.1.0.0.1.1.0.0,5,1.1.1.1.0.0.1.1.0.0,-1,True
1.1.1.1.0.0.1.1.0.0,0,1.1.1.1.0.0.1.1.0.0,-0.1,False
1.1.1.1.0.0.1.1.0.0,0,0.1.1.1.0.0.0.1.0.0,-1,True
1.1.1.1.0.0.1.1.0.0,1,1.1.1.1.0.0.1.1.0.0,-1,True
1.1.1.1.0.0.1.1.0.0,4,1.1.0.1.0.0.1.1.0.0,-0.1,False
1.1.0.1.0.0.1.1.0.0,3,1.0.0.0.0.0.1.1.0.0,-1,True
1.1.1.1.0.0.1.1.0.0,3,1.0.0.0.0.0.1.1.0.0,-1,True
1.1.1.1.0.0.1.1.0.0,3,1.0.0.0.0.0.1.1.0.0,-1,True
1.1.1.1.0.0.1.1.0.0,2,1.1.0.1.0.0.1.1.0.0,-0.1,False
1.1.0.1.0.0.1.1.0.0,0,1.1.1.1.0.0.1.1.0.0,-1,True
1.1.1.1.0.0.1.1.0.0,2,1.1.0.1.0.0.1.1.0.0,-0.1,False
1.1.0.1.0.0.1.1.0.0,4,1.0.0.0.0.0.1.1.0.0,-1,True
1.1.1.1.0.0.1.1.0.0,3,1.0.0.0.0.0.1.1.0.0,-1,True
1.1.1.1.0.0.1.1.0.0,0,1.1.1.1.0.0.1.1.0.0,-0.1,False
1.1.1.1.0.0.1.1.0.0,4,1.1.1.1.0.0.1.1.0.0,-1,True
1.1.1.1.0.0.1.1.0.0,1,1.1.1.1.0.0.1.1.0.0,-1,True
1.1.1.1.0.0.1.1.0.0,3,1.0.0.0.0.0.1.1.0.0,-1,True
1.1.1.1.0.0.1.1.0.0,5,1.1.1.1.0.0.1.1.0.0,-1,True
1.1.1.1.0.0.1.1.0.0,1,1.1.1.1.0.0.1.1.0.0,-1,True
1.1.1.1.0.0.1.1.0.0,3,1.0.0.0.0.0.1.1.0.0,-1,True
1.1.1.1.0.0.1.1.0.0,1,1.1.1.1.0.0.1.1.0.0,-1,True
1.1.1.1.0.0.1.1.0.0,4,1.1.0.1.0.0.1.1.0.0,-0.1,False
1.1.0.1.0.0.1.1.0.0,4,1.0.0.0.0.0.1.1.0.0,-1,True
1.1.1.1.0.0.1.1.0.0,4,1.1.0.1.0.0.1.1.0.0,-0.1,False
1.1.0.1.0.0.1.1.0.0,0,1.1.1.1.0.0.1.1.0.0,-1,True
1.1.1.1.0.0.1.1.0.0,5,1.1.1.1.0.0.1.1.0.0,-1,True
1.1.1.1.0.0.1.1.0.0,4,1.1.0.1.0.0.1.1.0.0,-0.1,False
1.1.0.1.0.0.1.1.0.0,4,1.0.0.0.0.0.1.1.0.0,-1,True
1.1.1.1.0.0.1.1.0.0,1,1.1.1.1.0.0.1.1.0.0,-1,True
1.1.1.1.0.0.1.1.0.0,2,1.1.0.1.0.0.1.1.0.0,-0.1,False
1.1.0.1.0.0.1.1.0.0,4,1.0.0.0.0.0.1.1.0.0,-1,True
1.1.1.1.0.0.1.1.0.0,5,1.1.1.1.0.0.1.1.0.0,-1,True
1.1.1.1.0.0.1.1.0.0,5,1.1.1.1.0.0.1.1.0.0,-1,True
1.1.1.1.0.0.1.1.0.0,2,1.1.0.1.0.0.1.1.0.0,-0.1,False
1.1.0.1.0.0.1.1.0.0,5,1.1.1.1.0.0.1.1.0.0,-0.1,False
1.1.1.1.0.0.1.1.0.0,4,1.1.0.1.0.0.1.1.0.0,-0.1,False
1.1.0.1.0.0.1.1.0.0,1,1.1.1.1.0.0.1.1.0.0,-0.1,False
1.1.1.1.0.0.1.1.0.0,3,1.0.0.0.0.0.1.1.0.0,-1,True
1.1.1.1.0.0.1.1.0.0,4,1.1.0.1.0.0.1.1.0.0,-0.1,False
1.1.0.1.0.0.1.1.0.0,1,1.1.1.1.0.0.1.1.0.0,-0.1,False
1.1.1.1.0.0.1.1.0.0,5,1.1.1.1.0.0.1.1.0.0,-1,True
1.1.1.1.0.0.1.1.0.0,1,1.1.1.1.0.0.1.1.0.0,-1,True
1.1.1.1.0.0.1.1.0.0,2,1.1.0.1.0.0.1.1.0.0,-0.1,False
1.1.0.1.0.0.1.1.0.0,2,1.0.0.0.0.0.1.1.0.0,-1,True
1.1.1.1.0.0.1.1.0.0,2,1.1.0.1.0.0.1.1.0.0,-0.1,False
1.1.0.1.0.0.1.1.0.0,2,1.0.0.0.0.0.1.1.0.0,-1,True
1.1.1.1.0.0.1.1.0.0,0,1.1.1.1.0.0.1.1.0.0,-0.1,False
1.1.1.1.0.0.1.1.0.0,1,1.1.1.1.0.0.1.1.0.0,-0.1,False
1.1.1.1.0.0.1.1.0.0,5,0.1.1.1.0.0.0.1.0.0,-1,True
1.1.1.1.0.0.1.1.0.0,0,1.1.1.1.0.0.1.1.0.0,-0.1,False
1.1.1.1.0.0.1.1.0.0,4,1.1.1.1.0.0.1.1.0.0,-1,True
1.1.1.1.0.0.1.1.0.0,5,1.1.1.1.0.0.1.1.0.0,-1,True
1.1.1.1.0.0.1.1.0.0,4,1.1.0.1.0.0.1.1.0.0,-0.1,False
1.1.0.1.0.0.1.1.0.0,0,1.1.1.1.0.0.1.1.0.0,-1,True
1.1.1.1.0.0.1.1.0.0,5,1.1.1.1.0.0.1.1.0.0,-1,True
1.1.1.1.0.0.1.1.0.0,2,1.1.0.1.0.0.1.1.0.0,-0.1,False
1.1.0.1.0.0.1.1.0.0,1,1.1.1.1.0.0.1.1.0.0,-0.1,False
1.1.1.1.0.0.1.1.0.0,4,1.1.0.1.0.0.1.1.0.0,-0.1,False
1.1.0.1.0.0.1.1.0.0,1,1.1.1.1.0.0.1.1.0.0,-0.1,False
1.1.1.1.0.0.1.1.0.0,4,1.1.0.1.0.0.1.1.0.0,-0.1,False
1.1.0.1.0.0.1.1.0.0,4,1.0.0.0.0.0.1.1.0.0,-1,True
1.1.1.1.0.0.1.1.0.0,0,1.1.1.1.0.0.1.1.0.0,-0.1,False
1.1.1.1.0.0.1.1.0.0,2,1.1.1.1.0.0.1.1.0.0,-1,True
1.1.1.1.0.0.1.1.0.0,3,1.0.0.0.0.0.1.1.0.0,-1,True
1.1.1.1.0.0.1.1.0.0,0,1.1.1.1.0.0.1.1.0.0,-0.1,False
1.1.1.1.0.0.1.1.0.0,2,1.1.1.1.0.0.1.1.0.0,-1,True
1.1.1.1.0.0.1.1.0.0,4,1.1.0.1.0.0.1.1.0.0,-0.1,False
1.1.0.1.0.0.1.1.0.0,4,1.0.0.0.0.0.1.1.0.0,-1,True
1.1.1.1.0.0.1.1.0.0,5,1.1.1.1.0.0.1.1.0.0,-1,True
1.1.1.1.0.0.1.1.0.0,4,1.1.0.1.0.0.1.1.0.0,-0.1,False
1.1.0.1.0.0.1.1.0.0,2,1.0.0.0.0.0.1.1.0.0,-1,True
1.1.1.1.0.0.1.1.0.0,2,1.1.0.1.0.0.1.1.0.0,-0.1,False
1.1.0.1.0.0.1.1.0.0,3,1.0.0.0.0.0.1.1.0.0,-1,True
1.1.1.1.0.0.1.1.0.0,4,1.1.0.1.0.0.1.1.0.0,-0.1,False
1.1.0.1.0.0.1.1.0.0,2,1.0.0.0.0.0.1.1.0.0,-1,True
1.1.1.1.0.0.1.1.0.0,0,1.1.1.1.0.0.1.1.0.0,-0.1,False
1.1.1.1.0.0.1.1.0.0,4,1.1.1.1.0.0.1.1.0.0,-1,True
1.1.1.1.0.0.1.1.0.0,2,1.1.0.1.0.0.1.1.0.0,-0.1,False
1.1.0.1.0.0.1.1.0.0,3,1.0.0.0.0.0.1.1.0.0,-1,True
1.1.1.1.0.0.1.1.0.0,1,1.1.1.1.0.0.1.1.0.0,-1,True
1.1.1.1.0.0.1.1.0.0,5,1.1.1.1.0.0.1.1.0.0,-1,True
1.1.1.1.0.0.1.1.0.0,1,1.1.1.1.0.0.1.1.0.0,-1,True
1.1.1.1.0.0.1.1.0.0,2,1.1.0.1.0.0.1.1.0.0,-0.1,False
1.1.0.1.0.0.1.1.0.0,3,1.0.0.0.0.0.1.1.0.0,-1,True
1.1.1.1.0.0.1.1.0.0,1,1.1.1.1.0.0.1.1.0.0,-1,True
1.1.1.1.0.0.1.1.0.0,3,1.0.0.0.0.0.1.1.0.0,-1,True
1.1.1.1.0.0.1.1.0.0,4,1.1.0.1.0.0.1.1.0.0,-0.1,False
1.1.0.1.0.0.1.1.0.0,3,1.0.0.0.0.0.1.1.0.0,-1,True
1.1.1.1.0.0.1.1.0.0,0,1.1.1.1.0.0.1.1.0.0,-0.1,False
1.1.1.1.0.0.1.1.0.0,3,1.1.1.1.0.0.1.1.0.0,-0.1,False
1.1.1.1.0.0.1.1.0.0,1,1.1.1.1.0.0.1.1.0.0,-1,True
1.1.1.1.0.0.1.1.0.0,1,1.1.1.1.0.0.1.1.0.0,-1,True
1.1.1.1.0.0.1.1.0.0,1,1.1.1.1.0.0.1.1.0.0,-1,True
1.1.1.1.0.0.1.1.0.0,3,1.0.0.0.0.0.1.1.0.0,-1,True
1.1.1.1.0.0.1.1.0.0,0,1.1.1.1.0.0.1.1.0.0,-0.1,False
1.1.1.1.0.0.1.1.0.0,4,1.1.1.1.0.0.1.1.0.0,-1,True
1.1.1.1.0.0.1.1.0.0,0,1.1.1.1.0.0.1.1.0.0,-0.1,False
1.1.1.1.0.0.1.1.0.0,1,1.1.1.1.0.0.1.1.0.0,-0.1,False
1.1.1.1.0.0.1.1.0.0,1,0.1.1.1.0.0.0.1.0.0,-1,True
1.1.1.1.0.0.1.1.0.0,3,1.0.0.0.0.0.1.1.0.0,-1,True
1.1.1.1.0.0.1.1.0.0,3,1.0.0.0.0.0.1.1.0.0,-1,True
1.1.1.1.0.0.1.1.0.0,3,1.0.0.0.0.0.1.1.0.0,-1,True
1.1.1.1.0.0.1.1.0.0,0,1.1.1.1.0.0.1.1.0.0,-0.1,False
1.1.1.1.0.0.1.1.0.0,5,1.1.1.1.0.0.1.1.0.0,-0.1,False
1.1.1.1.0.0.1.1.0.0,0,0.1.1.1.0.0.0.1.1.0,-0.1,False
0.1.1.1.0.0.0.1.1.0,1,0.0.1.0.0.0.0.1.1.0,-1,True
1.1.1.1.0.0.1.1.0.0,2,1.1.0.1.0.0.1.1.0.0,-0.1,False
1.1.0.1.0.0.1.1.0.0,4,1.0.0.0.0.0.1.1.0.0,-1,True
1.1.1.1.0.0.1.1.0.0,3,1.0.0.0.0.0.1.1.0.0,-1,True
1.1.1.1.0.0.1.1.0.0,5,1.1.1.1.0.0.1.1.0.0,-1,True
1.1.1.1.0.0.1.1.0.0,0,1.1.1.1.0.0.1.1.0.0,-0.1,False
1.1.1.1.0.0.1.1.0.0,2,1.1.1.1.0.0.1.1.0.0,-1,True
1.1.1.1.0.0.1.1.0.0,3,1.0.0.0.0.0.1.1.0.0,-1,True
1.1.1.1.0.0.1.1.0.0,0,1.1.1.1.0.0.1.1.0.0,-0.1,False
1.1.1.1.0.0.1.1.0.0,0,0.1.1.1.0.0.0.1.0.0,-1,True
1.1.1.1.0.0.1.1.0.0,3,1.0.0.0.0.0.1.1.0.0,-1,True
1.1.1.1.0.0.1.1.0.0,0,1.1.1.1.0.0.1.1.0.0,-0.1,False
1.1.1.1.0.0.1.1.0.0,4,1.1.1.1.0.0.1.1.0.0,-1,True
1.1.1.1.0.0.1.1.0.0,0,1.1.1.1.0.0.1.1.0.0,-0.1,False
1.1.1.1.0.0.1.1.0.0,2,1.1.1.1.0.0.1.1.0.0,-1,True
1.1.1.1.0.0.1.1.0.0,4,1.1.0.1.0.0.1.1.0.0,-0.1,False
1.1.0.1.0.0.1.1.0.0,1,1.1.1.1.0.0.1.1.0.0,-0.1,False
1.1.1.1.0.0.1.1.0.0,0,1.1.1.1.0.0.1.1.0.0,-0.1,False
1.1.1.1.0.0.1.1.0.0,4,1.1.1.1.0.0.1.1.0.0,-1,True
1.1.1.1.0.0.1.1.0.0,3,1.0.0.0.0.0.1.1.0.0,-1,True
1.1.1.1.0.0.1.1.0.0,0,1.1.1.1.0.0.1.1.0.0,-0.1,False
1.1.1.1.0.0.1.1.0.0,5,1.1.1.1.0.0.1.1.0.0,-0.1,False
1.1.1.1.0.0.1.1.0.0,4,1.1.1.0.0.0.1.1.0.0,-0.1,False
1.1.1.0.0.0.1.1.0.0,5,1.1.1.0.0.0.1.1.0.0,-0.1,False
1.1.1.0.0.0.1.1.0.0,2,1.1.1.0.0.0.1.1.0.0,-0.1,False
1.1.1.0.0.0.1.1.0.0,4,1.1.1.0.0.0.1.1.0.0,-0.1,False
1.1.1.0.0.0.1.1.0.0,0,1.1.1.0.0.0.1.1.0.0,-0.1,False
1.1.1.0.0.0.1.1.0.0,4,0.1.0.0.0.0.1.1.0.0,-1,True
1.1.1.1.0.0.1.1.0.0,3,1.0.0.0.0.0.1.1.0.0,-1,True
1.1.1.1.0.0.1.1.0.0,5,1.1.1.1.0.0.1.1.0.0,-1,True
1.1.1.1.0.0.1.1.0.0,4,1.1.0.1.0.0.1.1.0.0,-0.1,False
1.1.0.1.0.0.1.1.0.0,0,1.1.1.1.0.0.1.1.0.0,-1,True
1.1.1.1.0.0.1.1.0.0,3,1.0.0.0.0.0.1.1.0.0,-1,True
1.1.1.1.0.0.1.1.0.0,4,1.1.0.1.0.0.1.1.0.0,-0.1,False
1.1.0.1.0.0.1.1.0.0,1,1.1.1.1.0.0.1.1.0.0,-0.1,False
1.1.1.1.0.0.1.1.0.0,1,1.1.1.1.0.0.1.1.0.0,-1,True
1.1.1.1.0.0.1.1.0.0,1,1.1.1.1.0.0.1.1.0.0,-1,True
1.1.1.1.0.0.1.1.0.0,3,1.0.0.0.0.0.1.1.0.0,-1,True
1.1.1.1.0.0.1.1.0.0,4,1.1.0.1.0.0.1.1.0.0,-0.1,False
1.1.0.1.0.0.1.1.0.0,3,1.0.0.0.0.0.1.1.0.0,-1,True
1.1.1.1.0.0.1.1.0.0,1,1.1.1.1.0.0.1.1.0.0,-1,True
1.1.1.1.0.0.1.1.0.0,1,1.1.1.1.0.0.1.1.0.0,-1,True
1.1.1.1.0.0.1.1.0.0,4,1.1.0.1.0.0.1.1.0.0,-0.1,False
1.1.0.1.0.0.1.1.0.0,2,1.0.0.0.0.0.1.1.0.0,-1,True
1.1.1.1.0.0.1.1.0.0,3,1.0.0.0.0.0.1.1.0.0,-1,True
1.1.1.1.0.0.1.1.0.0,0,1.1.1.1.0.0.1.1.0.0,-0.1,False
1.1.1.1.0.0.1.1.0.0,5,1.1.1.1.0.0.1.1.0.0,-0.1,False
1.1.1.1.0.0.1.1.0.0,5,0.1.1.0.0.0.0.1.0.0,-0.1,False
0.1.1.0.0.0.0.1.0.0,0,0.0.1.0.0.0.0.1.1.0,-1,True
1.1.1.1.0.0.1.1.0.0,2,1.1.0.1.0.0.1.1.0.0,-0.1,False
1.1.0.1.0.0.1.1.0.0,5,1.1.1.1.0.0.1.1.0.0,-0.1,False
1.1.1.1.0.0.1.1.0.0,0,1.1.1.1.0.0.1.1.0.0,-0.1,False
1.1.1.1.0.0.1.1.0.0,1,1.1.1.1.0.0.1.1.0.0,-0.1,False
1.1.1.1.0.0.1.1.0.0,2,1.1.1.1.0.0.1.1.0.0,-1,True
1.1.1.1.0.0.1.1.0.0,3,1.0.0.0.0.0.1.1.0.0,-1,True
1.1.1.1.0.0.1.1.0.0,2,1.1.0.1.0.0.1.1.0.0,-0.1,False
1.1.0.1.0.0.1.1.0.0,3,1.0.0.0.0.0.1.1.0.0,-1,True
1.1.1.1.0.0.1.1.0.0,3,1.0.0.0.0.0.1.1.0.0,-1,True
1.1.1.1.0.0.1.1.0.0,0,1.1.1.1.0.0.1.1.0.0,-0.1,False
1.1.1.1.0.0.1.1.0.0,1,1.1.1.1.0.0.1.1.0.0,-0.1,False
1.1.1.1.0.0.1.1.0.0,5,0.1.1.1.0.0.0.1.0.0,-1,True
1.1.1.1.0.0.1.1.0.0,4,1.1.0.1.0.0.1.1.0.0,-0.1,False
1.1.0.1.0.0.1.1.0.0,0,1.1.1.1.0.0.1.1.0.0,-1,True
1.1.1.1.0.0.1.1.0.0,5,1.1.1.1.0.0.1.1.0.0,-1,True
1.1.1.1.0.0.1.1.0.0,4,1.1.0.1.0.0.1.1.0.0,-0.1,False
1.1.0.1.0.0.1.1.0.0,2,1.0.0.0.0.0.1.1.0.0,-1,True
1.1.1.1.0.0.1.1.0.0,2,1.1.0.1.0.0.1.1.0.0,-0.1,False
1.1.0.1.0.0.1.1.0.0,0,1.1.1.1.0.0.1.1.0.0,-1,True
1.1.1.1.0.0.1.1.0.0,3,1.0.0.0.0.0.1.1.0.0,-1,True
1.1.1.1.0.0.1.1.0.0,3,1.0.0.0.0.0.1.1.0.0,-1,True
1.1.1.1.0.0.1.1.0.0,2,1.1.0.1.0.0.1.1.0.0,-0.1,False
1.1.0.1.0.0.1.1.0.0,4,1.0.0.0.0.0.1.1.0.0,-1,True
1.1.1.1.0.0.1.1.0.0,1,1.1.1.1.0.0.1.1.0.0,-1,True
1.1.1.1.0.0.1.1.0.0,5,1.1.1.1.0.0.1.1.0.0,-1,True
1.1.1.1.0.0.1.1.0.0,4,1.1.0.1.0.0.1.1.0.0,-0.1,False
1.1.0.1.0.0.1.1.0.0,3,1.0.0.0.0.0.1.1.0.0,-1,True
1.1.1.1.0.0.1.1.0.0,4,1.1.0.1.0.0.1.1.0.0,-0.1,False
1.1.0.1.0.0.1.1.0.0,5,1.1.1.0.0.0.1.1.0.0,-0.1,False
1.1.1.0.0.0.1.1.0.0,3,1.0.0.0.0.0.1.1.0.0,-1,True
1.1.1.1.0.0.1.1.0.0,4,1.1.0.1.0.0.1.1.0.0,-0.1,False
1.1.0.1.0.0.1.1.0.0,1,1.1.1.1.0.0.1.1.0.0,-0.1,False
1.1.1.1.0.0.1.1.0.0,5,1.1.1.1.0.0.1.1.0.0,-1,True
1.1.1.1.0.0.1.1.0.0,3,1.0.0.0.0.0.1.1.0.0,-1,True
1.1.1.1.0.0.1.1.0.0,2,1.1.0.1.0.0.1.1.0.0,-0.1,False
1.1.0.1.0.0.1.1.0.0,4,1.0.0.0.0.0.1.1.0.0,-1,True
1.1.1.1.0.0.1.1.0.0,1,1.1.1.1.0.0.1.1.0.0,-1,True
1.1.1.1.0.0.1.1.0.0,2,1.1.0.1.0.0.1.1.0.0,-0.1,False
1.1.0.1.0.0.1.1.0.0,4,1.0.0.0.0.0.1.1.0.0,-1,True
1.1.1.1.0.0.1.1.0.0,5,1.1.1.1.0.0.1.1.0.0,-1,True
1.1.1.1.0.0.1.1.0.0,3,1.0.0.0.0.0.1.1.0.0,-1,True
1.1.1.1.0.0.1.1.0.0,2,1.1.0.1.0.0.1.1.0.0,-0.1,False
1.1.0.1.0.0.1.1.0.0,5,1.1.1.1.0.0.1.1.0.0,-0.1,False
1.1.1.1.0.0.1.1.0.0,0,1.1.1.1.0.0.1.1.0.0,-0.1,False
1.1.1.1.0.0.1.1.0.0,1,1.1.1.1.0.0.1.1.0.0,-0.1,False
1.1.1.1.0.0.1.1.0.0,5,0.1.1.1.0.0.0.1.0.0,-1,True
1.1.1.1.0.0.1.1.0.0,3,1.0.0.0.0.0.1.1.0.0,-1,True
1.1.1.1.0.0.1.1.0.0,5,1.1.1.1.0.0.1.1.0.0,-1,True
1.1.1.1.0.0.1.1.0.0,5,1.1.1.1.0.0.1.1.0.0,-1,True
1.1.1.1.0.0.1.1.0.0,4,1.1.0.1.0.0.1.1.0.0,-0.1,False
1.1.0.1.0.0.1.1.0.0,3,1.0.0.0.0.0.1.1.0.0,-1,True
1.1.1.1.0.0.1.1.0.0,0,1.1.1.1.0.0.1.1.0.0,-0.1,False
1.1.1.1.0.0.1.1.0.0,1,1.1.1.1.0.0.1.1.0.0,-0.1,False
1.1.1.1.0.0.1.1.0.0,3,1.1.1.1.0.0.1.1.0.0,-1,True
1.1.1.1.0.0.1.1.0.0,1,1.1.1.1.0.0.1.1.0.0,-1,True
1.1.1.1.0.0.1.1.0.0,3,1.0.0.0.0.0.1.1.0.0,-1,True
1.1.1.1.0.0.1.1.0.0,5,1.1.1.1.0.0.1.1.0.0,-1,True
1.1.1.1.0.0.1.1.0.0,2,1.1.0.1.0.0.1.1.0.0,-0.1,False
1.1.0.1.0.0.1.1.0.0,2,1.0.0.0.0.0.1.1.0.0,-1,True
1.1.1.1.0.0.1.1.0.0,4,1.1.0.1.0.0.1.1.0.0,-0.1,False
1.1.0.1.0.0.1.1.0.0,5,1.1.1.0.0.0.1.1.0.0,-0.1,False
1.1.1.0.0.0.1.1.0.0,2,1.1.0.1.0.0.1.1.0.0,-0.1,False
1.1.0.1.0.0.1.1.0.0,1,1.1.1.1.0.0.1.1.0.0,-0.1,False
1.1.1.1.0.0.1.1.0.0,3,1.0.0.0.0.0.1.1.0.0,-1,True
1.1.1.1.0.0.1.1.0.0,0,1.1.1.1.0.0.1.1.0.0,-0.1,False
1.1.1.1.0.0.1.1.0.0,2,1.1.1.1.0.0.1.1.0.0,-1,True
1.1.1.1.0.0.1.1.0.0,4,1.1.0.1.0.0.1.1.0.0,-0.1,False
1.1.0.1.0.0.1.1.0.0,1,1.1.1.1.0.0.1.1.0.0,-0.1,False
1.1.1.1.0.0.1.1.0.0,4,1.1.0.1.0.0.1.1.0.0,-0.1,False
1.1.0.1.0.0.1.1.0.0,3,1.0.0.0.0.0.1.1.0.0,-1,True
1.1.1.1.0.0.1.1.0.0,0,1.1.1.1.0.0.1.1.0.0,-0.1,False
1.1.1.1.0.0.1.1.0.0,1,1.1.1.1.0.0.1.1.0.0,-0.1,False
1.1.1.1.0.0.1.1.0.0,5,0.1.1.1.0.0.0.1.0.0,-1,True
1.1.1.1.0.0.1.1.0.0,0,1.1.1.1.0.0.1.1.0.0,-0.1,False
1.1.1.1.0.0.1.1.0.0,5,1.1.1.1.0.0.1.1.0.0,-0.1,False
1.1.1.1.0.0.1.1.0.0,5,0.1.1.0.0.0.0.1.0.0,-0.1,False
0.1.1.0.0.0.0.1.0.0,0,0.0.1.0.0.0.0.1.1.0,-1,True
1.1.1.1.0.0.1.1.0.0,2,1.1.0.1.0.0.1.1.0.0,-0.1,False
1.1.0.1.0.0.1.1.0.0,4,1.0.0.0.0.0.1.1.0.0,-1,True
1.1.1.1.0.0.1.1.0.0,1,1.1.1.1.0.0.1.1.0.0,-1,True
1.1.1.1.0.0.1.1.0.0,0,1.1.1.1.0.0.1.1.0.0,-0.1,False
1.1.1.1.0.0.1.1.0.0,4,1.1.1.1.0.0.1.1.0.0,-1,True
1.1.1.1.0.0.1.1.0.0,0,1.1.1.1.0.0.1.1.0.0,-0.1,False
1.1.1.1.0.0.1.1.0.0,2,1.1.1.1.0.0.1.1.0.0,-1,True
1.1.1.1.0.0.1.1.0.0,3,1.0.0.0.0.0.1.1.0.0,-1,True
1.1.1.1.0.0.1.1.0.0,2,1.1.0.1.0.0.1.1.0.0,-0.1,False
1.1.0.1.0.0.1.1.0.0,5,1.1.1.1.0.0.1.1.0.0,-0.1,False
1.1.1.1.0.0.1.1.0.0,4,1.1.0.1.0.0.1.1.0.0,-0.1,False
1.1.0.1.0.0.1.1.0.0,4,1.0.0.0.0.0.1.1.0.0,-1,True
1.1.1.1.0.0.1.1.0.0,3,1.0.0.0.0.0.1.1.0.0,-1,True
1.1.1.1.0.0.1.1.0.0,1,1.1.1.1.0.0.1.1.0.0,-1,True
1.1.1.1.0.0.1.1.0.0,2,1.1.0.1.0.0.1.1.0.0,-0.1,False
1.1.0.1.0.0.1.1.0.0,1,1.1.1.1.0.0.1.1.0.0,-0.1,False
1.1.1.1.0.0.1.1.0.0,4,1.1.0.1.0.0.1.1.0.0,-0.1,False
1.1.0.1.0.0.1.1.0.0,0,1.1.1.1.0.0.1.1.0.0,-1,True
1.1.1.1.0.0.1.1.0.0,0,1.1.1.1.0.0.1.1.0.0,-0.1,False
1.1.1.1.0.0.1.1.0.0,0,0.1.1.1.0.0.0.1.0.0,-1,True
1.1.1.1.0.0.1.1.0.0,4,1.1.0.1.0.0.1.1.0.0,-0.1,False
1.1.0.1.0.0.1.1.0.0,3,1.0.0.0.0.0.1.1.0.0,-1,True
1.1.1.1.0.0.1.1.0.0,0,1.1.1.1.0.0.1.1.0.0,-0.1,False
1.1.1.1.0.0.1.1.0.0,2,1.1.1.1.0.0.1.1.0.0,-1,True
1.1.1.1.0.0.1.1.0.0,2,1.1.0.1.0.0.1.1.0.0,-0.1,False
1.1.0.1.0.0.1.1.0.0,4,1.0.0.0.0.0.1.1.0.0,-1,True
1.1.1.1.0.0.1.1.0.0,4,1.1.0.1.0.0.1.1.0.0,-0.1,False
1.1.0.1.0.0.1.1.0.0,3,1.0.0.0.0.0.1.1.0.0,-1,True
1.1.1.1.0.0.1.1.0.0,2,1.1.0.1.0.0.1.1.0.0,-0.1,False
1.1.0.1.0.0.1.1.0.0,4,1.0.0.0.0.0.1.1.0.0,-1,True
1.1.1.1.0.0.1.1.0.0,1,1.1.1.1.0.0.1.1.0.0,-1,True
1.1.1.1.0.0.1.1.0.0,0,1.1.1.1.0.0.1.1.0.0,-0.1,False
1.1.1.1.0.0.1.1.0.0,1,1.1.1.1.0.0.1.1.0.0,-0.1,False
1.1.1.1.0.0.1.1.0.0,5,0.1.1.1.0.0.0.1.0.0,-1,True
1.1.1.1.0.0.1.1.0.0,5,1.1.1.1.0.0.1.1.0.0,-1,True
1.1.1.1.0.0.1.1.0.0,5,1.1.1.1.0.0.1.1.0.0,-1,True
1.1.1.1.0.0.1.1.0.0,5,1.1.1.1.0.0.1.1.0.0,-1,True
1.1.1.1.0.0.1.1.0.0,4,1.1.0.1.0.0.1.1.0.0,-0.1,False
1.1.0.1.0.0.1.1.0.0,4,1.0.0.0.0.0.1.1.0.0,-1,True
1.1.1.1.0.0.1.1.0.0,5,1.1.1.1.0.0.1.1.0.0,-1,True
1.1.1.1.0.0.1.1.0.0,2,1.1.0.1.0.0.1.1.0.0,-0.1,False
1.1.0.1.0.0.1.1.0.0,5,1.1.1.1.0.0.1.1.0.0,-0.1,False
1.1.1.1.0.0.1.1.0.0,5,1.1.1.1.0.0.1.1.0.0,-1,True
1.1.1.1.0.0.1.1.0.0,3,1.0.0.0.0.0.1.1.0.0,-1,True
1.1.1.1.0.0.1.1.0.0,5,1.1.1.1.0.0.1.1.0.0,-1,True
1.1.1.1.0.0.1.1.0.0,1,1.1.1.1.0.0.1.1.0.0,-1,True
1.1.1.1.0.0.1.1.0.0,1,1.1.1.1.0.0.1.1.0.0,-1,True
1.1.1.1.0.0.1.1.0.0,2,1.1.0.1.0.0.1.1.0.0,-0.1,False
1.1.0.1.0.0.1.1.0.0,5,1.1.1.1.0.0.1.1.0.0,-0.1,False
1.1.1.1.0.0.1.1.0.0,3,1.0.0.0.0.0.1.1.0.0,-1,True
1.1.1.1.0.0.1.1.0.0,0,1.1.1.1.0.0.1.1.0.0,-0.1,False
1.1.1.1.0.0.1.1.0.0,2,1.1.1.1.0.0.1.1.0.0,-1,True
1.1.1.1.0.0.1.1.0.0,1,1.1.1.1.0.0.1.1.0.0,-1,True
1.1.1.1.0.0.1.1.0.0,1,1.1.1.1.0.0.1.1.0.0,-1,True
1.1.1.1.0.0.1.1.0.0,3,1.0.0.0.0.0.1.1.0.0,-1,True
1.1.1.1.0.0.1.1.0.0,0,1.1.1.1.0.0.1.1.0.0,-0.1,False
1.1.1.1.0.0.1.1.0.0,1,1.1.1.1.0.0.1.1.0.0,-0.1,False
1.1.1.1.0.0.1.1.0.0,2,1.1.1.1.0.0.1.1.0.0,-1,True
1.1.1.1.0.0.1.1.0.0,5,1.1.1.1.0.0.1.1.0.0,-1,True
1.1.1.1.0.0.1.1.0.0,0,1.1.1.1.0.0.1.1.0.0,-0.1,False
1.1.1.1.0.0.1.1.0.0,5,1.1.1.1.0.0.1.1.0.0,-0.1,False
1.1.1.1.0.0.1.1.0.0,3,1.1.1.1.0.0.1.1.0.0,-1,True
1.1.1.1.0.0.1.1.0.0,2,1.1.0.1.0.0.1.1.0.0,-0.1,False
1.1.0.1.0.0.1.1.0.0,3,1.0.0.0.0.0.1.1.0.0,-1,True
1.1.1.1.0.0.1.1.0.0,2,1.1.0.1.0.0.1.1.0.0,-0.1,False
1.1.0.1.0.0.1.1.0.0,5,1.1.1.1.0.0.1.1.0.0,-0.1,False
1.1.1.1.0.0.1.1.0.0,4,1.1.0.1.0.0.1.1.0.0,-0.1,False
1.1.0.1.0.0.1.1.0.0,3,1.0.0.0.0.0.1.1.0.0,-1,True
1.1.1.1.0.0.1.1.0.0,1,1.1.1.1.0.0.1.1.0.0,-1,True
1.1.1.1.0.0.1.1.0.0,5,1.1.1.1.0.0.1.1.0.0,-1,True
1.1.1.1.0.0.1.1.0.0,0,1.1.1.1.0.0.1.1.0.0,-0.1,False
1.1.1.1.0.0.1.1.0.0,3,1.1.1.1.0.0.1.1.0.0,-0.1,False
1.1.1.1.0.0.1.1.0.0,0,1.1.1.1.0.0.1.1.0.0,-0.1,False
1.1.1.1.0.0.1.1.0.0,4,1.1.1.1.0.0.1.1.0.0,-1,True
1.1.1.1.0.0.1.1.0.0,3,1.0.0.0.0.0.1.1.0.0,-1,True
1.1.1.1.0.0.1.1.0.0,4,1.1.0.1.0.0.1.1.0.0,-0.1,False
1.1.0.1.0.0.1.1.0.0,0,1.1.1.1.0.0.1.1.0.0,-1,True
1.1.1.1.0.0.1.1.0.0,3,1.0.0.0.0.0.1.1.0.0,-1,True
1.1.1.1.0.0.1.1.0.0,4,1.1.0.1.0.0.1.1.0.0,-0.1,False
1.1.0.1.0.0.1.1.0.0,1,1.1.1.1.0.0.1.1.0.0,-0.1,False
1.1.1.1.0.0.1.1.0.0,5,1.1.1.1.0.0.1.1.0.0,-1,True
1.1.1.1.0.0.1.1.0.0,1,1.1.1.1.0.0.1.1.0.0,-1,True
1.1.1.1.0.0.1.1.0.0,5,1.1.1.1.0.0.1.1.0.0,-1,True
1.1.1.1.0.0.1.1.0.0,0,1.1.1.1.0.0.1.1.0.0,-0.1,False
1.1.1.1.0.0.1.1.0.0,3,1.1.1.1.0.0.1.1.0.0,-0.1,False
1.1.1.1.0.0.1.1.0.0,4,1.1.0.1.0.0.1.1.0.0,-0.1,False
1.1.0.1.0.0.1.1.0.0,4,1.0.0.0.0.0.1.1.0.0,-1,True
1.1.1.1.0.0.1.1.0.0,4,1.1.0.1.0.0.1.1.0.0,-0.1,False
1.1.0.1.0.0.1.1.0.0,2,1.0.0.0.0.0.1.1.0.0,-1,True
1.1.1.1.0.0.1.1.0.0,2,1.1.0.1.0.0.1.1.0.0,-0.1,False
1.1.0.1.0.0.1.1.0.0,1,1.1.1.1.0.0.1.1.0.0,-0.1,False
1.1.1.1.0.0.1.1.0.0,5,1.1.1.1.0.0.1.1.0.0,-1,True
1.1.1.1.0.0.1.1.0.0,1,1.1.1.1.0.0.1.1.0.0,-1,True
1.1.1.1.0.0.1.1.0.0,3,1.0.0.0.0.0.1.1.0.0,-1,True
1.1.1.1.0.0.1.1.0.0,3,1.0.0.0.0.0.1.1.0.0,-1,True
1.1.1.1.0.0.1.1.0.0,4,1.1.0.1.0.0.1.1.0.0,-0.1,False
1.1.0.1.0.0.1.1.0.0,1,1.1.1.1.0.0.1.1.0.0,-0.1,False
1.1.1.1.0.0.1.1.0.0,5,1.1.1.1.0.0.1.1.0.0,-1,True
1.1.1.1.0.0.1.1.0.0,5,1.1.1.1.0.0.1.1.0.0,-1,True
1.1.1.1.0.0.1.1.0.0,0,1.1.1.1.0.0.1.1.0.0,-0.1,False
1.1.1.1.0.0.1.1.0.0,3,1.1.1.1.0.0.1.1.0.0,-0.1,False
1.1.1.1.0.0.1.1.0.0,0,1.1.1.1.0.0.1.1.0.0,-0.1,False
1.1.1.1.0.0.1.1.0.0,4,1.1.1.1.0.0.1.1.0.0,-1,True
1.1.1.1.0.0.1.1.0.0,4,1.1.0.1.0.0.1.1.0.0,-0.1,False
1.1.0.1.0.0.1.1.0.0,0,1.1.1.1.0.0.1.1.0.0,-1,True
1.1.1.1.0.0.1.1.0.0,2,1.1.0.1.0.0.1.1.0.0,-0.1,False
1.1.0.1.0.0.1.1.0.0,1,1.1.1.1.0.0.1.1.0.0,-0.1,False
1.1.1.1.0.0.1.1.0.0,2,1.1.0.1.0.0.1.1.0.0,-0.1,False
1.1.0.1.0.0.1.1.0.0,3,1.0.0.0.0.0.1.1.0.0,-1,True
1.1.1.1.0.0.1.1.0.0,1,1.1.1.1.0.0.1.1.0.0,-1,True
1.1.1.1.0.0.1.1.0.0,0,1.1.1.1.0.0.1.1.0.0,-0.1,False
1.1.1.1.0.0.1.1.0.0,4,1.1.1.1.0.0.1.1.0.0,-1,True
1.1.1.1.0.0.1.1.0.0,2,1.1.0.1.0.0.1.1.0.0,-0.1,False
1.1.0.1.0.0.1.1.0.0,5,1.1.1.1.0.0.1.1.0.0,-0.1,False
1.1.1.1.0.0.1.1.0.0,4,1.1.0.1.0.0.1.1.0.0,-0.1,False
1.1.0.1.0.0.1.1.0.0,2,1.0.0.0.0.0.1.1.0.0,-1,True
1.1.1.1.0.0.1.1.0.0,2,1.1.0.1.0.0.1.1.0.0,-0.1,False
1.1.0.1.0.0.1.1.0.0,2,1.0.0.0.0.0.1.1.0.0,-1,True
1.1.1.1.0.0.1.1.0.0,0,1.1.1.1.0.0.1.1.0.0,-0.1,False
1.1.1.1.0.0.1.1.0.0,5,1.1.1.1.0.0.1.1.0.0,-0.1,False
1.1.1.1.0.0.1.1.0.0,0,0.1.1.1.0.0.0.1.1.0,-0.1,False
1.1.1.1.0.0.1.0.0.1,1,1.1.1.1.0.0.1.0.0.1,-0.1,False
1.1.1.1.0.0.1.0.0.1,5,1.1.1.1.0.0.1.0.0.1,-0.1,False
1.1.1.1.0.0.1.0.0.1,2,1.1.1.1.0.0.1.0.0.1,-0.1,False
1.1.1.1.0.0.1.0.0.1,2,1.1.1.1.0.0.1.0.0.1,-0.1,False
1.1.1.1.0.0.1.0.0.1,1,1.0.1.1.0.0.1.0.0.1,-0.1,False
1.0.1.1.0.0.1.0.0.1,0,1.0.1.1.0.0.1.0.0.1,-0.1,False
1.0.1.1.0.0.1.0.0.1,3,1.0.1.1.0.0.1.0.0.1,-0.1,False
1.0.1.1.0.0.1.0.0.1,3,1.0.0.1.0.0.1.0.0.1,-0.1,False
1.0.0.1.0.0.1.0.0.1,0,1.0.1.1.0.0.1.0.0.1,-0.1,False
1.0.1.1.0.0.1.0.0.1,4,1.1.1.1.0.0.1.0.0.1,-0.1,False
1.1.1.1.0.0.1.0.0.1,0,1.1.1.1.0.0.1.0.0.1,-0.1,False
1.1.1.1.0.0.1.0.0.1,3,1.1.1.1.0.0.1.0.0.1,-0.1,False
1.1.1.1.0.0.1.0.0.1,0,1.1.1.1.0.0.1.0.0.1,-0.1,False
1.1.1.1.0.0.1.0.0.1,2,1.0.1.1.0.0.1.0.0.1,-0.1,False
1.0.1.1.0.0.1.0.0.1,2,1.0.1.1.0.0.1.0.0.1,-0.1,False
1.0.1.1.0.0.1.0.0.1,2,0.0.0.1.0.0.1.0.0.1,-1,True
1.1.1.1.0.0.1.0.0.1,0,1.1.1.1.0.0.1.0.0.1,-0.1,False
1.1.1.1.0.0.1.0.0.1,4,1.1.1.1.0.0.1.0.0.1,-1,True
1.1.1.1.0.0.1.0.0.1,5,1.1.1.1.0.0.1.0.0.1,-1,True
1.1.1.1.0.0.1.0.0.1,4,1.1.0.1.0.0.1.0.0.1,-0.1,False
1.1.0.1.0.0.1.0.0.1,2,1.0.0.0.0.0.1.0.0.1,-1,True
1.1.1.1.0.0.1.0.0.1,4,1.1.0.1.0.0.1.0.0.1,-0.1,False
1.1.0.1.0.0.1.0.0.1,4,1.0.0.0.0.0.1.0.0.0,-1,True
1.1.1.1.0.0.1.0.0.1,4,1.1.0.1.0.0.1.0.0.1,-0.1,False
1.1.0.1.0.0.1.0.0.1,4,1.0.0.0.0.0.1.0.0.0,-1,True
1.1.1.1.0.0.1.0.0.1,0,1.1.1.1.0.0.1.0.0.1,-0.1,False
1.1.1.1.0.0.1.0.0.1,4,1.1.1.1.0.0.1.0.0.1,-1,True
1.1.1.1.0.0.1.0.0.1,4,1.1.0.1.0.0.1.0.0.1,-0.1,False
1.1.0.1.0.0.1.0.0.1,2,1.0.0.0.0.0.1.0.0.1,-1,True
1.1.1.1.0.0.1.0.0.1,3,1.0.0.0.0.0.1.0.0.1,-1,True
1.1.1.1.0.0.1.0.0.1,4,1.1.0.1.0.0.1.0.0.1,-0.1,False
1.1.0.1.0.0.1.0.0.1,1,1.1.1.1.0.0.1.0.0.1,-0.1,False
1.1.1.1.0.0.1.0.0.1,2,1.1.0.1.0.0.1.0.0.1,-0.1,False
1.1.0.1.0.0.1.0.0.1,1,1.1.1.1.0.0.1.0.0.1,-0.1,False
1.1.1.1.0.0.1.0.0.1,1,1.0.1.1.0.0.1.0.0.1,-0.1,False
1.0.1.1.0.0.1.0.0.1,5,1.1.1.1.0.0.1.0.0.1,-0.1,False
1.1.1.1.0.0.1.0.0.1,4,1.1.1.1.0.0.1.0.0.1,-0.1,False
1.1.1.1.0.0.1.0.0.1,3,1.1.0.1.0.0.1.0.0.1,-0.1,False
1.1.0.1.0.0.1.0.0.1,4,1.0.0.0.0.0.1.0.0.1,-1,True
1.1.1.1.0.0.1.0.0.1,4,1.1.0.1.0.0.1.0.0.1,-0.1,False
1.1.0.1.0.0.1.0.0.1,5,1.1.1.1.0.0.1.0.0.0,-0.1,False
1.1.1.1.0.0.1.0.0.0,3,1.0.0.0.0.0.1.0.0.0,-1,True
1.1.1.1.0.0.1.0.0.1,2,1.1.0.1.0.0.1.0.0.1,-0.1,False
1.1.0.1.0.0.1.0.0.1,4,1.0.0.0.0.0.1.0.0.1,-1,True
1.1.1.1.0.0.1.0.0.1,1,1.1.1.1.0.0.1.0.0.1,-0.1,False
1.1.1.1.0.0.1.0.0.1,1,1.1.1.1.0.0.1.0.0.1,-0.1,False
1.1.1.1.0.0.1.0.0.1,2,1.0.1.1.0.0.1.0.0.1,-0.1,False
1.0.1.1.0.0.1.0.0.1,2,1.0.1.1.0.0.1.0.0.1,-0.1,False
1.0.1.1.0.0.1.0.0.1,5,1.0.1.1.0.0.1.0.0.1,-0.1,False
1.0.1.1.0.0.1.0.0.1,0,1.0.1.1.0.0.1.0.0.1,-0.1,False
1.0.1.1.0.0.1.0.0.1,3,1.0.1.1.0.0.1.0.0.1,-0.1,False
1.0.1.1.0.0.1.0.0.1,2,1.0.1.1.0.0.1.0.0.1,-0.1,False
1.0.1.1.0.0.1.0.0.1,4,1.0.0.1.0.0.1.0.0.1,-0.1,False
1.0.0.1.0.0.1.0.0.1,2,1.0.0.0.0.0.1.0.0.1,-1,True
1.1.1.1.0.0.1.0.0.1,4,1.1.0.1.0.0.1.0.0.1,-0.1,False
1.1.0.1.0.0.1.0.0.1,3,1.0.0.0.0.0.1.0.0.1,-1,True
1.1.1.1.0.0.1.0.0.1,5,1.1.1.1.0.0.1.0.0.1,-1,True
1.1.1.1.0.0.1.0.0.1,3,1.0.0.0.0.0.1.0.0.1,-1,True
1.1.1.1.0.0.1.0.0.1,4,1.1.0.1.0.0.1.0.0.1,-0.1,False
1.1.0.1.0.0.1.0.0.1,3,1.0.0.0.0.0.1.0.0.1,-1,True
1.1.1.1.0.0.1.0.0.1,0,1.1.1.1.0.0.1.0.0.1,-0.1,False
1.1.1.1.0.0.1.0.0.1,1,1.1.1.1.0.0.1.0.0.1,-1,True
1.1.1.1.0.0.1.0.0.1,5,1.1.1.1.0.0.1.0.0.1,-1,True
1.1.1.1.0.0.1.0.0.1,0,1.1.1.1.0.0.1.0.0.1,-0.1,False
1.1.1.1.0.0.1.0.0.1,3,1.1.1.1.0.0.1.0.0.1,-0.1,False
1.1.1.1.0.0.1.0.0.1,2,1.1.0.1.0.0.1.0.0.1,-0.1,False
1.1.0.1.0.0.1.0.0.1,3,1.0.0.0.0.0.1.0.0.1,-1,True
1.1.1.1.0.0.1.0.0.1,1,1.1.1.1.0.0.1.0.0.1,-0.1,False
1.1.1.1.0.0.1.0.0.1,0,1.1.1.1.0.0.1.0.0.1,-1,True
1.1.1.1.0.0.1.0.0.1,4,1.1.0.1.0.0.1.0.0.1,-0.1,False
1.1.0.1.0.0.1.0.0.1,2,1.0.0.0.0.0.1.0.0.1,-1,True
1.1.1.1.0.0.1.0.0.1,1,1.1.1.1.0.0.1.0.0.1,-0.1,False
1.1.1.1.0.0.1.0.0.1,4,1.1.1.1.0.0.1.0.0.1,-0.1,False
1.1.1.1.0.0.1.0.0.1,2,1.1.0.1.0.0.1.0.0.1,-0.1,False
1.1.0.1.0.0.1.0.0.1,2,1.0.0.0.0.0.1.0.0.1,-1,True
1.1.1.1.0.0.1.0.0.1,0,1.1.1.1.0.0.1.0.0.1,-0.1,False
1.1.1.1.0.0.1.0.0.1,5,1.1.1.1.0.0.1.0.0.1,-0.1,False
1.1.1.1.0.0.1.0.0.1,3,1.1.1.1.0.0.1.0.0.1,-1,True
1.1.1.1.0.0.1.0.0.1,5,1.1.1.1.0.0.1.0.0.1,-1,True
1.1.1.1.0.0.1.0.0.1,0,1.1.1.1.0.0.1.0.0.1,-0.1,False
1.1.1.1.0.0.1.0.0.1,0,0.1.1.1.0.0.0.0.0.1,-1,True
1.1.1.1.0.0.1.0.0.1,4,1.1.0.1.0.0.1.0.0.1,-0.1,False
1.1.0.1.0.0.1.0.0.1,3,1.0.0.0.0.0.1.0.0.1,-1,True
1.1.1.1.0.0.1.0.0.1,4,1.1.0.1.0.0.1.0.0.1,-0.1,False
1.1.0.1.0.0.1.0.0.1,5,1.1.1.1.0.0.1.0.0.0,-0.1,False
1.1.1.1.0.0.1.0.0.0,4,1.1.0.1.0.0.1.0.0.0,-1,True
1.1.1.1.0.0.1.0.0.1,1,1.1.1.1.0.0.1.0.0.1,-0.1,False
1.1.1.1.0.0.1.0.0.1,1,1.1.1.1.0.0.1.0.0.1,-0.1,False
1.1.1.1.0.0.1.0.0.1,1,1.0.1.1.0.0.1.0.0.1,-0.1,False
1.0.1.1.0.0.1.0.0.1,0,0.0.1.1.0.0.0.0.1.1,-1,True
1.1.1.1.0.0.1.0.0.1,3,1.0.0.0.0.0.1.0.0.1,-1,True
1.1.1.1.0.0.1.0.0.1,5,1.1.1.1.0.0.1.0.0.1,-1,True
1.1.1.1.0.0.1.0.0.1,0,1.1.1.1.0.0.1.0.0.1,-0.1,False
1.1.1.1.0.0.1.0.0.1,1,1.1.1.1.0.0.1.0.0.1,-1,True
1.1.1.1.0.0.1.0.0.1,3,1.0.0.0.0.0.1.0.0.1,-1,True
1.1.1.1.0.0.1.0.0.1,4,1.1.0.1.0.0.1.0.0.1,-0.1,False
1.1.0.1.0.0.1.0.0.1,5,1.1.1.1.0.0.1.0.0.0,-0.1,False
1.1.1.1.0.0.1.0.0.0,1,1.1.1.1.0.0.1.0.0.1,-1,True
1.1.1.1.0.0.1.0.0.1,3,1.0.0.0.0.0.1.0.0.1,-1,True
1.1.1.1.0.0.1.0.0.1,4,1.1.0.1.0.0.1.0.0.1,-0.1,False
1.1.0.1.0.0.1.0.0.1,0,1.1.1.1.0.0.1.0.0.1,-1,True
1.1.1.1.0.0.1.0.0.1,0,1.1.1.1.0.0.1.0.0.1,-0.1,False
1.1.1.1.0.0.1.0.0.1,4,1.1.1.1.0.0.1.0.0.1,-1,True
1.1.1.1.0.0.1.0.0.1,2,1.1.0.1.0.0.1.0.0.1,-0.1,False
1.1.0.1.0.0.1.0.0.1,0,1.1.1.1.0.0.1.0.0.1,-0.1,False
1.1.1.1.0.0.1.0.0.1,2,1.1.1.1.0.0.1.0.0.1,-0.1,False
1.1.1.1.0.0.1.0.0.1,2,1.0.0.1.0.0.1.0.0.1,-0.1,False
1.0.0.1.0.0.1.0.0.1,0,1.0.1.1.0.0.1.0.0.1,-0.1,False
1.0.1.1.0.0.1.0.0.1,1,1.0.1.1.0.0.1.0.0.1,-0.1,False
1.0.1.1.0.0.1.0.0.1,0,0.0.1.1.0.0.0.0.0.1,-0.1,False
0.0.1.1.0.0.0.0.0.1,0,0.0.1.0.0.0.0.0.1.1,-1,True
1.1.1.1.0.0.1.0.0.1,5,1.1.1.1.0.0.1.0.0.1,-1,True
1.1.1.1.0.0.1.0.0.1,1,1.1.1.1.0.0.1.0.0.1,-0.1,False
1.1.1.1.0.0.1.0.0.1,2,1.1.1.1.0.0.1.0.0.1,-0.1,False
1.1.1.1.0.0.1.0.0.1,5,1.1.1.1.0.0.1.0.0.1,-0.1,False
1.1.1.1.0.0.1.0.0.1,1,1.1.1.1.0.0.1.0.0.1,-0.1,False
1.1.1.1.0.0.1.0.0.1,3,1.1.1.1.0.0.1.0.0.1,-0.1,False
1.1.1.1.0.0.1.0.0.1,4,1.1.0.1.0.0.1.0.0.1,-0.1,False
1.1.0.1.0.0.1.0.0.1,4,1.0.0.0.0.0.1.0.0.1,-1,True
1.1.1.1.0.0.1.0.0.1,5,1.1.1.1.0.0.1.0.0.1,-1,True
1.1.1.1.0.0.1.0.0.1,0,1.1.1.1.0.0.1.0.0.1,-0.1,False
1.1.1.1.0.0.1.0.0.1,1,1.1.1.1.0.0.1.0.0.1,-1,True
1.1.1.1.0.0.1.0.0.1,5,1.1.1.1.0.0.1.0.0.1,-1,True
1.1.1.1.0.0.1.0.0.1,0,1.1.1.1.0.0.1.0.0.1,-0.1,False
1.1.1.1.0.0.1.0.0.1,0,0.1.1.1.0.0.0.0.0.1,-1,True
1.1.1.1.0.0.1.0.0.1,3,1.0.0.0.0.0.1.0.0.1,-1,True
1.1.1.1.0.0.1.0.0.1,3,1.0.0.0.0.0.1.0.0.1,-1,True
1.1.1.1.0.0.1.0.0.1,4,1.1.0.1.0.0.1.0.0.1,-0.1,False
1.1.0.1.0.0.1.0.0.1,5,1.1.1.1.0.0.1.0.0.0,-0.1,False
1.1.1.1.0.0.1.0.0.0,2,1.1.0.1.0.0.1.0.0.1,-0.1,False
1.1.0.1.0.0.1.0.0.1,2,1.0.0.0.0.0.1.0.0.1,-1,True
1.1.1.1.0.0.1.0.0.1,0,1.1.1.1.0.0.1.0.0.1,-0.1,False
1.1.1.1.0.0.1.0.0.1,1,1.1.1.1.0.0.1.0.0.1,-1,True
1.1.1.1.0.0.1.0.0.1,2,1.1.0.1.0.0.1.0.0.1,-0.1,False
1.1.0.1.0.0.1.0.0.1,5,1.1.1.1.0.0.1.0.0.1,-0.1,False
1.1.1.1.0.0.1.0.0.1,4,1.1.0.1.0.0.1.0.0.1,-0.1,False
1.1.0.1.0.0.1.0.0.1,2,1.0.0.0.0.0.1.0.0.1,-1,True
1.1.1.1.0.0.1.0.0.1,4,1.1.0.1.0.0.1.0.0.1,-0.1,False
1.1.0.1.0.0.1.0.0.1,0,1.1.1.1.0.0.1.0.0.1,-1,True
1.1.1.1.0.0.1.0.0.1,1,1.1.1.1.0.0.1.0.0.1,-0.1,False
1.1.1.1.0.0.1.0.0.1,3,1.1.0.1.0.0.1.0.0.1,-0.1,False
1.1.0.1.0.0.1.0.0.1,5,1.1.1.1.0.0.1.0.0.1,-0.1,False
1.1.1.1.0.0.1.0.0.1,0,1.1.1.1.0.0.1.0.0.1,-0.1,False
1.1.1.1.0.0.1.0.0.1,4,1.1.1.1.0.0.1.0.0.1,-1,True
1.1.1.1.0.0.1.0.0.1,4,1.1.0.1.0.0.1.0.0.1,-0.1,False
1.1.0.1.0.0.1.0.0.1,5,1.1.1.1.0.0.1.0.0.0,-0.1,False
1.1.1.1.0.0.1.0.0.0,2,1.1.0.1.0.0.1.0.0.1,-0.1,False
1.1.0.1.0.0.1.0.0.1,1,1.1.1.1.0.0.1.0.0.1,-0.1,False
1.1.1.1.0.0.1.0.0.1,3,1.0.0.0.0.0.1.0.0.1,-1,True
1.1.1.1.0.0.1.0.0.1,2,1.1.0.1.0.0.1.0.0.1,-0.1,False
1.1.0.1.0.0.1.0.0.1,4,1.0.0.0.0.0.1.0.0.1,-1,True
1.1.1.1.0.0.1.0.0.1,1,1.1.1.1.0.0.1.0.0.1,-0.1,False
1.1.1.1.0.0.1.0.0.1,4,1.1.1.1.0.0.1.0.0.1,-0.1,False
1.1.1.1.0.0.1.0.0.1,3,1.0.0.0.0.0.1.0.0.1,-1,True
1.1.1.1.0.0.1.0.0.1,4,1.1.0.1.0.0.1.0.0.1,-0.1,False
1.1.0.1.0.0.1.0.0.1,1,1.1.1.1.0.0.1.0.0.1,-0.1,False
1.1.1.1.0.0.1.0.0.1,2,1.1.0.1.0.0.1.0.0.1,-0.1,False
1.1.0.1.0.0.1.0.0.1,3,1.0.0.0.0.0.1.0.0.1,-1,True
1.1.1.1.0.0.1.0.0.1,1,1.1.1.1.0.0.1.0.0.1,-0.1,False
1.1.1.1.0.0.1.0.0.1,4,1.1.1.1.0.0.1.0.0.1,-0.1,False
1.1.1.1.0.0.1.0.0.1,2,1.1.0.1.0.0.1.0.0.1,-0.1,False
1.1.0.1.0.0.1.0.0.1,5,1.1.1.1.0.0.1.0.0.1,-0.1,False
1.1.1.1.0.0.1.0.0.1,2,1.1.0.1.0.0.1.0.0.1,-0.1,False
1.1.0.1.0.0.1.0.0.1,0,1.1.1.1.0.0.1.0.0.1,-0.1,False
1.1.1.1.0.0.1.0.0.1,3,1.1.0.1.0.0.1.0.0.1,-0.1,False
1.1.0.1.0.0.1.0.0.1,1,1.1.1.1.0.0.1.0.0.1,-0.1,False
1.1.1.1.0.0.1.0.0.1,5,1.1.1.1.0.0.1.0.0.1,-0.1,False
1.1.1.1.0.0.1.0.0.1,3,1.1.0.1.0.0.1.0.0.1,-0.1,False
1.1.0.1.0.0.1.0.0.1,1,1.1.1.1.0.0.1.0.0.1,-0.1,False
1.1.1.1.0.0.1.0.0.1,3,1.0.0.0.0.0.1.0.0.1,-1,True
1.1.1.1.0.0.1.0.0.1,1,1.1.1.1.0.0.1.0.0.1,-0.1,False
1.1.1.1.0.0.1.0.0.1,5,1.1.1.1.0.0.1.0.0.1,-0.1,False
1.1.1.1.0.0.1.0.0.1,0,0.1.1.1.0.0.0.0.0.1,-1,True
1.1.1.1.0.0.1.0.0.1,5,1.1.1.1.0.0.1.0.0.1,-1,True
1.1.1.1.0.0.1.0.0.1,2,1.1.0.1.0.0.1.0.0.1,-0.1,False
1.1.0.1.0.0.1.0.0.1,2,1.0.0.0.0.0.1.0.0.1,-1,True
1.1.1.1.0.0.1.0.0.1,0,1.1.1.1.0.0.1.0.0.1,-0.1,False
1.1.1.1.0.0.1.0.0.1,4,1.1.1.1.0.0.1.0.0.1,-1,True
1.1.1.1.0.0.1.0.0.1,0,1.1.1.1.0.0.1.0.0.1,-0.1,False
1.1.1.1.0.0.1.0.0.1,3,1.1.1.1.0.0.1.0.0.1,-0.1,False
1.1.1.1.0.0.1.0.0.1,0,1.1.1.1.0.0.1.0.0.1,-0.1,False
1.1.1.1.0.0.1.0.0.1,5,1.1.1.1.0.0.1.0.0.1,-0.1,False
1.1.1.1.0.0.1.0.0.1,1,0.1.1.1.0.0.0.0.0.1,-1,True
1.1.1.1.0.0.1.0.0.1,5,1.1.1.1.0.0.1.0.0.1,-1,True
1.1.1.1.0.0.1.0.0.1,3,1.0.0.0.0.0.1.0.0.1,-1,True
1.1.1.1.0.0.1.0.0.1,5,1.1.1.1.0.0.1.0.0.1,-1,True
1.1.1.1.0.0.1.0.0.1,0,1.1.1.1.0.0.1.0.0.1,-0.1,False
1.1.1.1.0.0.1.0.0.1,0,0.1.1.1.0.0.0.0.0.1,-1,True
1.1.1.1.0.0.1.0.0.1,1,1.1.1.1.0.0.1.0.0.1,-0.1,False
1.1.1.1.0.0.1.0.0.1,1,1.1.1.1.0.0.1.0.0.1,-0.1,False
1.1.1.1.0.0.1.0.0.1,4,1.1.1.1.0.0.1.0.0.1,-0.1,False
1.1.1.1.0.0.1.0.0.1,4,1.1.1.1.0.0.1.0.0.1,-0.1,False
1.1.1.1.0.0.1.0.0.1,3,1.0.0.0.0.0.1.0.0.1,-1,True
1.1.1.1.0.0.1.0.0.1,1,1.1.1.1.0.0.1.0.0.1,-0.1,False
1.1.1.1.0.0.1.0.0.1,2,1.1.1.1.0.0.1.0.0.1,-0.1,False
1.1.1.1.0.0.1.0.0.1,0,1.1.1.1.0.0.1.0.0.1,-0.1,False
1.1.1.1.0.0.1.0.0.1,4,1.1.1.1.0.0.1.0.0.1,-0.1,False
1.1.1.1.0.0.1.0.0.1,3,1.1.0.1.0.0.1.0.0.1,-0.1,False
1.1.0.1.0.0.1.0.0.1,4,1.0.0.0.0.0.1.0.0.1,-1,True
1.1.1.1.0.0.1.0.0.1,3,1.0.0.0.0.0.1.0.0.1,-1,True
1.1.1.1.0.0.1.0.0.1,4,1.1.0.1.0.0.1.0.0.1,-0.1,False
1.1.0.1.0.0.1.0.0.1,1,1.1.1.1.0.0.1.0.0.1,-0.1,False
1.1.1.1.0.0.1.0.0.1,3,1.0.0.0.0.0.1.0.0.1,-1,True
1.1.1.1.0.0.1.0.0.1,5,1.1.1.1.0.0.1.0.0.1,-1,True
1.1.1.1.0.0.1.0.0.1,5,1.1.1.1.0.0.1.0.0.1,-1,True
1.1.1.1.0.0.1.0.0.1,5,1.1.1.1.0.0.1.0.0.1,-1,True
1.1.1.1.0.0.1.0.0.1,5,1.1.1.1.0.0.1.0.0.1,-1,True
1.1.1.1.0.0.1.0.0.1,2,1.1.0.1.0.0.1.0.0.1,-0.1,False
1.1.0.1.0.0.1.0.0.1,1,1.1.1.1.0.0.1.0.0.1,-0.1,False
1.1.1.1.0.0.1.0.0.1,0,1.1.1.1.0.0.1.0.0.1,-0.1,False
1.1.1.1.0.0.1.0.0.1,5,1.1.1.1.0.0.1.0.0.1,-1,True
1.1.1.1.0.0.1.0.0.1,4,1.1.0.1.0.0.1.0.0.1,-0.1,False
1.1.0.1.0.0.1.0.0.1,4,1.0.0.0.0.0.1.0.0.0,-1,True
1.1.1.1.0.0.1.0.0.1,1,1.1.1.1.0.0.1.0.0.1,-0.1,False
1.1.1.1.0.0.1.0.0.1,2,1.1.1.1.0.0.1.0.0.1,-0.1,False
1.1.1.1.0.0.1.0.0.1,3,1.0.0.0.0.0.1.0.0.1,-1,True
1.1.1.1.0.0.1.0.0.1,5,1.1.1.1.0.0.1.0.0.1,-1,True
1.1.1.1.0.0.1.0.0.1,5,1.1.1.1.0.0.1.0.0.1,-1,True
1.1.1.1.0.0.1.0.0.1,3,1.0.0.0.0.0.1.0.0.1,-1,True
1.1.1.1.0.0.1.0.0.1,5,1.1.1.1.0.0.1.0.0.1,-1,True
1.1.1.1.0.0.1.0.0.1,1,1.1.1.1.0.0.1.0.0.1,-0.1,False
1.1.1.1.0.0.1.0.0.1,5,1.1.1.1.0.0.1.0.0.1,-0.1,False
1.1.1.1.0.0.1.0.0.1,4,1.1.1.1.0.0.1.0.0.1,-1,True
1.1.1.1.0.0.1.0.0.1,4,1.1.0.1.0.0.1.0.0.1,-0.1,False
1.1.0.1.0.0.1.0.0.1,3,1.0.0.0.0.0.1.0.0.1,-1,True
1.1.1.1.0.0.1.0.0.1,2,1.1.0.1.0.0.1.0.0.1,-0.1,False
1.1.0.1.0.0.1.0.0.1,3,1.0.0.0.0.0.1.0.0.1,-1,True
1.1.1.1.0.0.1.0.0.1,0,1.1.1.1.0.0.1.0.0.1,-0.1,False
1.1.1.1.0.0.1.0.0.1,2,1.1.1.1.0.0.1.0.0.1,-0.1,False
1.1.1.1.0.0.1.0.0.1,0,1.1.1.1.0.0.1.0.0.1,-1,True
1.1.1.1.0.0.1.0.0.1,2,1.1.0.1.0.0.1.0.0.1,-0.1,False
1.1.0.1.0.0.1.0.0.1,2,1.0.0.0.0.0.1.0.0.1,-1,True
1.1.1.1.0.0.1.0.0.1,0,1.1.1.1.0.0.1.0.0.1,-0.1,False
1.1.1.1.0.0.1.0.0.1,0,0.1.1.1.0.0.0.0.0.1,-1,True
1.1.1.1.0.0.1.0.0.1,2,1.1.0.1.0.0.1.0.0.1,-0.1,False
1.1.0.1.0.0.1.0.0.1,1,1.1.1.1.0.0.1.0.0.1,-0.1,False
1.1.1.1.0.0.1.0.0.1,2,1.0.0.1.0.0.1.0.0.1,-0.1,False
1.0.0.1.0.0.1.0.0.1,3,1.0.0.0.0.0.1.0.0.1,-1,True
1.1.1.1.0.0.1.0.0.1,4,1.1.0.1.0.0.1.0.0.1,-0.1,False
1.1.0.1.0.0.1.0.0.1,4,1.0.0.0.0.0.1.0.0.0,-1,True
1.1.1.1.0.0.1.0.0.1,1,1.1.1.1.0.0.1.0.0.1,-0.1,False
1.1.1.1.0.0.1.0.0.1,5,1.1.1.1.0.0.1.0.0.1,-0.1,False
1.1.1.1.0.0.1.0.0.1,3,1.1.1.1.0.0.1.0.0.1,-0.1,False
1.1.1.1.0.0.1.0.0.1,2,1.1.0.1.0.0.1.0.0.1,-0.1,False
1.1.0.1.0.0.1.0.0.1,1,1.1.1.1.0.0.1.0.0.1,-0.1,False
1.1.1.1.0.0.1.0.0.1,0,1.1.1.1.0.0.1.0.0.1,-0.1,False
1.1.1.1.0.0.1.0.0.1,2,1.0.1.1.0.0.1.0.0.1,-0.1,False
1.0.1.1.0.0.1.0.0.1,2,1.0.1.1.0.0.1.0.0.1,-0.1,False
1.0.1.1.0.0.1.0.0.1,2,0.0.0.1.0.0.1.0.0.1,-1,True
1.1.1.1.0.0.1.0.0.1,4,1.1.0.1.0.0.1.0.0.1,-0.1,False
1.1.0.1.0.0.1.0.0.1,2,1.0.0.0.0.0.1.0.0.1,-1,True
1.1.1.1.0.0.1.0.0.1,2,1.1.0.1.0.0.1.0.0.1,-0.1,False
1.1.0.1.0.0.1.0.0.1,0,1.1.1.1.0.0.1.0.0.1,-0.1,False
1.1.1.1.0.0.1.0.0.1,3,1.1.0.1.0.0.1.0.0.1,-0.1,False
1.1.0.1.0.0.1.0.0.1,5,1.1.1.1.0.0.1.0.0.1,-0.1,False
1.1.1.1.0.0.1.0.0.1,1,1.1.1.1.0.0.1.0.0.1,-0.1,False
1.1.1.1.0.0.1.0.0.1,4,1.1.1.1.0.0.1.0.0.1,-0.1,False
1.1.1.1.0.0.1.0.0.1,2,1.1.0.1.0.0.1.0.0.1,-0.1,False
1.1.0.1.0.0.1.0.0.1,2,1.0.0.0.0.0.1.0.0.1,-1,True
1.1.1.1.0.0.1.0.0.1,5,1.1.1.1.0.0.1.0.0.1,-1,True
1.1.1.1.0.0.1.0.0.1,5,1.1.1.1.0.0.1.0.0.1,-1,True
1.1.1.1.0.0.1.0.0.1,0,1.1.1.1.0.0.1.0.0.1,-0.1,False
1.1.1.1.0.0.1.0.0.1,1,1.1.1.1.0.0.1.0.0.1,-1,True
1.1.1.1.0.0.1.0.0.1,3,1.0.0.0.0.0.1.0.0.1,-1,True
1.1.1.1.0.0.1.0.0.1,1,1.1.1.1.0.0.1.0.0.1,-0.1,False
1.1.1.1.0.0.1.0.0.1,0,1.1.1.1.0.0.1.0.0.1,-1,True
1.1.1.1.0.0.1.0.0.1,0,1.1.1.1.0.0.1.0.0.1,-0.1,False
1.1.1.1.0.0.1.0.0.1,2,1.1.1.1.0.0.1.0.0.1,-0.1,False
1.1.1.1.0.0.1.0.0.1,1,1.1.1.1.0.0.1.0.0.1,-0.1,False
1.1.1.1.0.0.1.0.0.1,0,0.1.1.1.0.0.0.0.0.1,-0.1,False
0.1.1.1.0.0.0.0.0.1,5,0.1.1.1.0.0.0.0.1.1,-0.1,False
0.1.1.1.0.0.0.0.1.1,5,0.0.1.0.0.0.0.0.1.1,-1,True
1.1.1.1.0.0.1.0.0.1,3,1.0.0.0.0.0.1.0.0.1,-1,True
1.1.1.1.0.0.1.0.0.1,4,1.1.0.1.0.0.1.0.0.1,-0.1,False
1.1.0.1.0.0.1.0.0.1,5,1.1.1.1.0.0.1.0.0.0,-0.1,False
1.1.1.1.0.0.1.0.0.0,5,1.1.1.1.0.0.1.0.0.0,-1,True
1.1.1.1.0.0.1.0.0.1,5,1.1.1.1.0.0.1.0.0.1,-1,True
1.1.1.1.0.0.1.0.0.1,3,1.0.0.0.0.0.1.0.0.1,-1,True
1.1.1.1.0.0.1.0.0.1,5,1.1.1.1.0.0.1.0.0.1,-1,True
1.1.1.1.0.0.1.0.0.1,2,1.1.0.1.0.0.1.0.0.1,-0.1,False
1.1.0.1.0.0.1.0.0.1,3,1.0.0.0.0.0.1.0.0.1,-1,True
1.1.1.1.0.0.1.0.0.1,5,1.1.1.1.0.0.1.0.0.1,-1,True
1.1.1.1.0.0.1.0.0.1,0,1.1.1.1.0.0.1.0.0.1,-0.1,False
1.1.1.1.0.0.1.0.0.1,5,1.1.1.1.0.0.1.0.0.1,-0.1,False
1.1.1.1.0.0.1.0.0.1,2,1.1.1.1.0.0.1.0.0.1,-0.1,False
1.1.1.1.0.0.1.0.0.1,2,1.1.1.1.0.0.1.0.0.1,-0.1,False
1.1.1.1.0.0.1.0.0.1,3,1.1.0.1.0.0.1.0.0.1,-0.1,False
1.1.0.1.0.0.1.0.0.1,1,1.1.1.1.0.0.1.0.0.1,-0.1,False
1.1.1.1.0.0.1.0.0.1,2,1.0.0.1.0.0.1.0.0.1,-0.1,False
1.0.0.1.0.0.1.0.0.1,0,1.0.1.1.0.0.1.0.0.1,-0.1,False
1.0.1.1.0.0.1.0.0.1,0,1.0.1.1.0.0.1.0.0.1,-0.1,False
1.0.1.1.0.0.1.0.0.1,0,0.0.1.1.0.0.0.0.1.1,-1,True
1.1.1.1.0.0.1.0.0.1,4,1.1.0.1.0.0.1.0.0.1,-0.1,False
1.1.0.1.0.0.1.0.0.1,3,1.0.0.0.0.0.1.0.0.1,-1,True
1.1.1.1.0.0.1.0.0.1,3,1.0.0.0.0.0.1.0.0.1,-1,True
1.1.1.1.0.0.1.0.0.1,2,1.1.0.1.0.0.1.0.0.1,-0.1,False
1.1.0.1.0.0.1.0.0.1,1,1.1.1.1.0.0.1.0.0.1,-0.1,False
1.1.1.1.0.0.1.0.0.1,5,1.1.1.1.0.0.1.0.0.1,-0.1,False
1.1.1.1.0.0.1.0.0.1,2,1.1.1.1.0.0.1.0.0.1,-0.1,False
1.1.1.1.0.0.1.0.0.1,2,1.0.0.1.0.0.1.0.0.1,-0.1,False
1.0.0.1.0.0.1.0.0.1,1,1.0.1.1.0.0.1.0.0.1,-0.1,False
1.0.1.1.0.0.1.0.0.1,4,1.0.0.1.0.0.1.0.0.1,-0.1,False
1.0.0.1.0.0.1.0.0.1,2,1.0.0.0.0.0.1.0.0.1,-1,True
1.1.1.1.0.0.1.0.0.1,2,1.1.0.1.0.0.1.0.0.1,-0.1,False
1.1.0.1.0.0.1.0.0.1,4,1.0.0.0.0.0.1.0.0.1,-1,True
1.1.1.1.0.0.1.0.0.1,1,1.1.1.1.0.0.1.0.0.1,-0.1,False
1.1.1.1.0.0.1.0.0.1,1,1.1.1.1.0.0.1.0.0.1,-0.1,False
1.1.1.1.0.0.1.0.0.1,5,1.1.1.1.0.0.1.0.0.1,-1,True
1.1.1.1.0.0.1.0.0.1,4,1.1.0.1.0.0.1.0.0.1,-0.1,False
1.1.0.1.0.0.1.0.0.1,0,1.1.1.1.0.0.1.0.0.1,-1,True
1.1.1.1.0.0.1.0.0.1,0,1.1.1.1.0.0.1.0.0.1,-0.1,False
1.1.1.1.0.0.1.0.0.1,0,0.1.1.1.0.0.0.0.0.1,-1,True
1.1.1.1.0.0.1.0.0.1,0,1.1.1.1.0.0.1.0.0.1,-0.1,False
1.1.1.1.0.0.1.0.0.1,5,1.1.1.1.0.0.1.0.0.1,-0.1,False
1.1.1.1.0.0.1.0.0.1,2,1.1.1.1.0.0.1.0.0.1,-0.1,False
1.1.1.1.0.0.1.0.0.1,2,1.1.1.1.0.0.1.0.0.1,-0.1,False
1.1.1.1.0.0.1.0.0.1,1,1.1.1.1.0.0.1.0.0.1,-0.1,False
1.1.1.1.0.0.1.0.0.1,0,0.1.1.1.0.0.0.0.0.1,-0.1,False
0.1.1.1.0.0.0.0.0.1,0,0.0.1.0.0.0.0.0.1.1,-1,True
1.1.1.1.0.0.1.0.0.1,5,1.1.1.1.0.0.1.0.0.1,-1,True
1.1.1.1.0.0.1.0.0.1,0,1.1.1.1.0.0.1.0.0.1,-0.1,False
1.1.1.1.0.0.1.0.0.1,1,1.1.1.1.0.0.1.0.0.1,-1,True
1.1.1.1.0.0.1.0.0.1,5,1.1.1.1.0.0.1.0.0.1,-1,True
1.1.1.1.0.0.1.0.0.1,1,1.1.1.1.0.0.1.0.0.1,-0.1,False
1.1.1.1.0.0.1.0.0.1,0,1.1.1.1.0.0.1.0.0.1,-1,True
1.1.1.1.0.0.1.0.0.1,4,1.1.0.1.0.0.1.0.0.1,-0.1,False
1.1.0.1.0.0.1.0.0.1,1,1.1.1.1.0.0.1.0.0.1,-0.1,False
1.1.1.1.0.0.1.0.0.1,3,1.0.0.0.0.0.1.0.0.1,-1,True
1.1.1.1.0.0.1.0.0.1,1,1.1.1.1.0.0.1.0.0.1,-0.1,False
1.1.1.1.0.0.1.0.0.1,4,1.1.1.1.0.0.1.0.0.1,-0.1,False
1.1.1.1.0.0.1.0.0.1,1,1.1.1.1.0.0.1.0.0.1,-0.1,False
1.1.1.1.0.0.1.0.0.1,3,1.1.0.1.0.0.1.0.0.1,-0.1,False
1.1.0.1.0.0.1.0.0.1,1,1.1.1.1.0.0.1.0.0.1,-0.1,False
1.1.1.1.0.0.1.0.0.1,5,1.1.1.1.0.0.1.0.0.1,-0.1,False
1.1.1.1.0.0.1.0.0.1,5,1.1.1.1.0.0.1.0.0.1,-0.1,False
1.1.1.1.0.0.1.0.0.1,5,1.1.1.1.0.0.1.0.0.1,-0.1,False
1.1.1.1.0.0.1.0.0.1,0,0.1.1.1.0.0.0.0.1.1,-1,True
1.1.1.1.0.0.1.0.0.1,3,1.0.0.0.0.0.1.0.0.1,-1,True
1.1.1.1.0.0.1.0.0.1,2,1.1.0.1.0.0.1.0.0.1,-0.1,False
1.1.0.1.0.0.1.0.0.1,2,1.0.0.0.0.0.1.0.0.1,-1,True
1.1.1.1.0.0.1.0.0.1,4,1.1.0.1.0.0.1.0.0.1,-0.1,False
1.1.0.1.0.0.1.0.0.1,0,1.1.1.1.0.0.1.0.0.1,-1,True
1.1.1.1.0.0.1.0.0.1,1,1.1.1.1.0.0.1.0.0.1,-0.1,False
1.1.1.1.0.0.1.0.0.1,3,1.1.0.1.0.0.1.0.0.1,-0.1,False
1.1.0.1.0.0.1.0.0.1,4,1.0.0.0.0.0.1.0.0.1,-1,True
1.1.1.1.0.0.1.0.0.1,2,1.1.0.1.0.0.1.0.0.1,-0.1,False
1.1.0.1.0.0.1.0.0.1,2,1.0.0.0.0.0.1.0.0.1,-1,True
1.1.1.1.0.0.1.0.0.1,1,1.1.1.1.0.0.1.0.0.1,-0.1,False
1.1.1.1.0.0.1.0.0.1,0,1.1.1.1.0.0.1.0.0.1,-1,True
1.1.1.1.0.0.1.0.0.1,2,1.1.0.1.0.0.1.0.0.1,-0.1,False
1.1.0.1.0.0.1.0.0.1,2,1.0.0.0.0.0.1.0.0.1,-1,True
1.1.1.1.0.0.1.0.0.1,5,1.1.1.1.0.0.1.0.0.1,-1,True
1.1.1.1.0.0.1.0.0.1,4,1.1.0.1.0.0.1.0.0.1,-0.1,False
1.1.0.1.0.0.1.0.0.1,4,1.0.0.0.0.0.1.0.0.0,-1,True
1.1.1.1.0.0.1.0.0.1,5,1.1.1.1.0.0.1.0.0.1,-1,True
1.1.1.1.0.0.1.0.0.1,3,1.0.0.0.0.0.1.0.0.1,-1,True
1.1.1.1.0.0.1.0.0.1,4,1.1.0.1.0.0.1.0.0.1,-0.1,False
1.1.0.1.0.0.1.0.0.1,1,1.1.1.1.0.0.1.0.0.1,-0.1,False
1.1.1.1.0.0.1.0.0.1,3,1.0.0.0.0.0.1.0.0.1,-1,True
1.1.1.1.0.0.1.0.0.1,3,1.0.0.0.0.0.1.0.0.1,-1,True
1.1.1.1.0.0.1.0.0.1,3,1.0.0.0.0.0.1.0.0.1,-1,True
1.1.1.1.0.0.1.0.0.1,4,1.1.0.1.0.0.1.0.0.1,-0.1,False
1.1.0.1.0.0.1.0.0.1,3,1.0.0.0.0.0.1.0.0.1,-1,True
1.1.1.1.0.0.1.0.0.1,2,1.1.0.1.0.0.1.0.0.1,-0.1,False
1.1.0.1.0.0.1.0.0.1,1,1.1.1.1.0.0.1.0.0.1,-0.1,False
1.1.1.1.0.0.1.0.0.1,2,1.0.0.1.0.0.1.0.0.1,-0.1,False
1.0.0.1.0.0.1.0.0.1,4,1.0.0.0.0.0.1.0.0.1,-1,True
1.1.1.1.0.0.1.0.0.1,3,1.0.0.0.0.0.1.0.0.1,-1,True
1.1.1.1.0.0.1.0.0.1,0,1.1.1.1.0.0.1.0.0.1,-0.1,False
1.1.1.1.0.0.1.0.0.1,5,1.1.1.1.0.0.1.0.0.1,-0.1,False
1.1.1.1.0.0.1.0.0.1,4,1.1.1.1.0.0.1.0.0.0,-0.1,False
1.1.1.1.0.0.1.0.0.0,4,1.1.1.1.0.0.1.0.0.0,-1,True
1.1.1.1.0.0.1.0.0.1,1,1.1.1.1.0.0.1.0.0.1,-0.1,False
1.1.1.1.0.0.1.0.0.1,1,1.1.1.1.0.0.1.0.0.1,-0.1,False
1.1.1.1.0.0.1.0.0.1,5,1.1.1.1.0.0.1.0.0.1,-1,True
1.1.1.1.0.0.1.0.0.1,1,1.1.1.1.0.0.1.0.0.1,-0.1,False
1.1.1.1.0.0.1.0.0.1,5,1.1.1.1.0.0.1.0.0.1,-0.1,False
1.1.1.1.0.0.1.0.0.1,1,1.1.1.1.0.0.1.0.0.1,-1,True
1.1.1.1.0.0.1.0.0.1,2,1.1.0.1.0.0.1.0.0.1,-0.1,False
1.1.0.1.0.0.1.0.0.1,0,1.1.1.1.0.0.1.0.0.1,-0.1,False
1.1.1.1.0.0.1.0.0.1,1,1.1.1.1.0.0.1.0.0.1,-0.1,False
1.1.1.1.0.0.1.0.0.1,5,1.1.1.1.0.0.1.0.0.1,-1,True
1.1.1.1.0.0.1.0.0.1,5,1.1.1.1.0.0.1.0.0.1,-1,True
1.1.1.1.0.0.1.0.0.1,3,1.0.0.0.0.0.1.0.0.1,-1,True
1.1.1.1.0.0.1.0.0.1,5,1.1.1.1.0.0.1.0.0.1,-1,True
1.1.1.1.0.0.1.0.0.1,3,1.0.0.0.0.0.1.0.0.1,-1,True
1.1.1.1.0.0.1.0.0.1,0,1.1.1.1.0.0.1.0.0.1,-0.1,False
1.1.1.1.0.0.1.0.0.1,4,1.1.1.1.0.0.1.0.0.1,-1,True
1.1.1.1.0.0.1.0.0.1,3,1.0.0.0.0.0.1.0.0.1,-1,True
1.1.1.1.0.0.1.0.0.1,0,1.1.1.1.0.0.1.0.0.1,-0.1,False
1.1.1.1.0.0.1.0.0.1,3,1.1.1.1.0.0.1.0.0.1,-0.1,False
1.1.1.1.0.0.1.0.0.1,5,1.1.1.1.0.0.1.0.0.1,-1,True
1.1.1.1.0.0.1.0.0.1,0,1.1.1.1.0.0.1.0.0.1,-0.1,False
1.1.1.1.0.0.1.0.0.1,3,1.1.1.1.0.0.1.0.0.1,-0.1,False
1.1.1.1.0.0.1.0.0.1,4,1.1.0.1.0.0.1.0.0.1,-0.1,False
1.1.0.1.0.0.1.0.0.1,2,1.0.0.0.0.0.1.0.0.1,-1,True
1.1.1.1.0.0.1.0.0.1,2,1.1.0.1.0.0.1.0.0.1,-0.1,False
1.1.0.1.0.0.1.0.0.1,4,1.0.0.0.0.0.1.0.0.1,-1,True
1.1.1.1.0.0.1.0.0.1,2,1.1.0.1.0.0.1.0.0.1,-0.1,False
1.1.0.1.0.0.1.0.0.1,2,1.0.0.0.0.0.1.0.0.1,-1,True
1.1.1.1.0.0.1.0.0.1,1,1.1.1.1.0.0.1.0.0.1,-0.1,False
1.1.1.1.0.0.1.0.0.1,4,1.1.1.1.0.0.1.0.0.1,-0.1,False
1.1.1.1.0.0.1.0.0.1,1,1.1.1.1.0.0.1.0.0.1,-0.1,False
1.1.1.1.0.0.1.0.0.1,2,1.1.1.1.0.0.1.0.0.1,-0.1,False
1.1.1.1.0.0.1.0.0.1,5,1.1.1.1.0.0.1.0.0.1,-0.1,False
1.1.1.1.0.0.1.0.0.1,3,1.1.0.1.0.0.1.0.0.1,-0.1,False
1.1.0.1.0.0.1.0.0.1,3,1.0.0.0.0.0.1.0.0.1,-1,True
1.1.1.1.0.0.1.0.0.1,4,1.1.0.1.0.0.1.0.0.1,-0.1,False
1.1.0.1.0.0.1.0.0.1,5,1.1.1.1.0.0.1.0.0.0,-0.1,False
1.1.1.1.0.0.1.0.0.0,2,1.1.0.1.0.0.1.0.0.1,-0.1,False
1.1.0.1.0.0.1.0.0.1,1,1.1.1.1.0.0.1.0.0.1,-0.1,False
1.1.1.1.0.0.1.0.0.1,2,1.1.0.1.0.0.1.0.0.1,-0.1,False
1.1.0.1.0.0.1.0.0.1,2,1.0.0.0.0.0.1.0.0.1,-1,True
1.1.1.1.0.0.1.0.0.1,2,1.1.0.1.0.0.1.0.0.1,-0.1,False
1.1.0.1.0.0.1.0.0.1,4,1.0.0.0.0.0.1.0.0.1,-1,True
1.1.1.1.0.0.1.0.0.1,4,1.1.0.1.0.0.1.0.0.1,-0.1,False
1.1.0.1.0.0.1.0.0.1,2,1.0.0.0.0.0.1.0.0.1,-1,True
1.1.1.1.0.0.1.0.0.1,0,1.1.1.1.0.0.1.0.0.1,-0.1,False
1.1.1.1.0.0.1.0.0.1,0,0.1.1.1.0.0.0.0.0.1,-1,True
1.1.1.1.0.0.1.0.0.1,1,1.1.1.1.0.0.1.0.0.1,-0.1,False
1.1.1.1.0.0.1.0.0.1,0,1.1.1.1.0.0.1.0.0.1,-1,True
1.1.1.1.0.0.1.0.0.1,0,1.1.1.1.0.0.1.0.0.1,-0.1,False
1.1.1.1.0.0.1.0.0.1,5,1.1.1.1.0.0.1.0.0.1,-0.1,False
1.1.1.1.0.0.1.0.0.1,5,0.1.1.1.0.0.0.0.0.0,1,True
1.1.1.1.0.0.1.0.0.1,3,1.0.0.0.0.0.1.0.0.1,-1,True
1.1.1.1.0.0.1.0.0.1,3,1.0.0.0.0.0.1.0.0.1,-1,True
1.1.1.1.0.0.1.0.0.1,5,1.1.1.1.0.0.1.0.0.1,-1,True
1.1.1.1.0.0.1.0.0.1,4,1.1.0.1.0.0.1.0.0.1,-0.1,False
1.1.0.1.0.0.1.0.0.1,4,1.0.0.0.0.0.1.0.0.0,-1,True
1.1.1.1.0.0.1.0.0.1,0,1.1.1.1.0.0.1.0.0.1,-0.1,False
1.1.1.1.0.0.1.0.0.1,1,1.1.1.1.0.0.1.0.0.1,-1,True
1.1.1.1.0.0.1.0.0.1,4,1.1.0.1.0.0.1.0.0.1,-0.1,False
1.1.0.1.0.0.1.0.0.1,2,1.0.0.0.0.0.1.0.0.1,-1,True
1.1.1.1.0.0.1.0.0.1,1,1.1.1.1.0.0.1.0.0.1,-0.1,False
1.1.1.1.0.0.1.0.0.1,5,1.1.1.1.0.0.1.0.0.1,-0.1,False
1.1.1.1.0.0.1.0.0.1,3,1.1.1.1.0.0.1.0.0.1,-0.1,False
1.1.1.1.0.0.1.0.0.1,4,1.1.0.1.0.0.1.0.0.1,-0.1,False
1.1.0.1.0.0.1.0.0.1,2,1.0.0.0.0.0.1.0.0.1,-1,True
1.1.1.1.0.0.1.0.0.1,0,1.1.1.1.0.0.1.0.0.1,-0.1,False
1.1.1.1.0.0.1.0.0.1,1,1.1.1.1.0.0.1.0.0.1,-1,True
1.1.1.1.0.0.1.0.0.1,4,1.1.0.1.0.0.1.0.0.1,-0.1,False
1.1.0.1.0.0.1.0.0.1,4,1.0.0.0.0.0.1.0.0.0,-1,True
1.1.1.1.0.0.1.0.0.1,1,1.1.1.1.0.0.1.0.0.1,-0.1,False
1.1.1.1.0.0.1.0.0.1,1,1.1.1.1.0.0.1.0.0.1,-0.1,False
1.1.1.1.0.0.1.0.0.1,5,1.1.1.1.0.0.1.0.0.1,-1,True
1.1.1.1.0.0.1.0.0.1,3,1.0.0.0.0.0.1.0.0.1,-1,True
1.1.1.1.0.0.1.0.0.1,2,1.1.0.1.0.0.1.0.0.1,-0.1,False
1.1.0.1.0.0.1.0.0.1,5,1.1.1.1.0.0.1.0.0.1,-0.1,False
1.1.1.1.0.0.1.0.0.1,1,1.1.1.1.0.0.1.0.0.1,-0.1,False
1.1.1.1.0.0.1.0.0.1,0,1.1.1.1.0.0.1.0.0.1,-1,True
1.1.1.1.0.0.1.0.0.1,1,1.1.1.1.0.0.1.0.0.1,-0.1,False
1.1.1.1.0.0.1.0.0.1,2,1.1.1.1.0.0.1.0.0.1,-0.1,False
1.1.1.1.0.0.1.0.0.1,1,1.0.1.1.0.0.1.0.0.1,-0.1,False
1.0.1.1.0.0.1.0.0.1,3,1.0.0.1.0.0.1.0.0.1,-0.1,False
1.0.0.1.0.0.1.0.0.1,0,1.0.1.1.0.0.1.0.0.1,-0.1,False
1.0.1.1.0.0.1.0.0.1,0,1.0.1.1.0.0.1.0.0.1,-0.1,False
1.0.1.1.0.0.1.0.0.1,2,1.0.1.1.0.0.1.0.0.1,-0.1,False
1.0.1.1.0.0.1.0.0.1,1,0.0.0.1.0.0.1.0.0.1,-1,True
1.1.1.1.0.0.1.0.0.1,4,1.1.0.1.0.0.1.0.0.1,-0.1,False
1.1.0.1.0.0.1.0.0.1,3,1.0.0.0.0.0.1.0.0.1,-1,True
1.1.1.1.0.0.1.0.0.1,4,1.1.0.1.0.0.1.0.0.1,-0.1,False
1.1.0.1.0.0.1.0.0.1,4,1.0.0.0.0.0.1.0.0.0,-1,True
1.1.1.1.0.0.1.0.0.1,4,1.1.0.1.0.0.1.0.0.1,-0.1,False
1.1.0.1.0.0.1.0.0.1,5,1.1.1.1.0.0.1.0.0.0,-0.1,False
1.1.1.1.0.0.1.0.0.0,5,1.1.1.1.0.0.1.0.0.0,-1,True
1.1.1.1.0.0.1.0.0.1,5,1.1.1.1.0.0.1.0.0.1,-1,True
1.1.1.1.0.0.1.0.0.1,1,1.1.1.1.0.0.1.0.0.1,-0.1,False
1.1.1.1.0.0.1.0.0.1,3,1.1.0.1.0.0.1.0.0.1,-0.1,False
1.1.0.1.0.0.1.0.0.1,5,1.1.1.1.0.0.1.0.0.1,-0.1,False
1.1.1.1.0.0.1.0.0.1,3,1.0.0.0.0.0.1.0.0.1,-1,True
1.1.1.1.0.0.1.0.0.1,1,1.1.1.1.0.0.1.0.0.1,-0.1,False
1.1.1.1.0.0.1.0.0.1,2,1.1.1.1.0.0.1.0.0.1,-0.1,False
1.1.1.1.0.0.1.0.0.1,4,1.1.0.1.0.0.1.0.0.1,-0.1,False
1.1.0.1.0.0.1.0.0.1,1,1.1.1.1.0.0.1.0.0.1,-0.1,False
1.1.1.1.0.0.1.0.0.1,2,1.0.0.1.0.0.1.0.0.1,-0.1,False
1.0.0.1.0.0.1.0.0.1,4,1.0.0.0.0.0.1.0.0.1,-1,True
1.1.1.1.0.0.1.0.0.1,3,1.0.0.0.0.0.1.0.0.1,-1,True
1.1.1.1.0.0.1.0.0.1,3,1.0.0.0.0.0.1.0.0.1,-1,True
1.1.1.1.0.0.1.0.0.1,1,1.1.1.1.0.0.1.0.0.1,-0.1,False
1.1.1.1.0.0.1.0.0.1,2,1.1.1.1.0.0.1.0.0.1,-0.1,False
1.1.1.1.0.0.1.0.0.1,5,1.1.1.1.0.0.1.0.0.1,-0.1,False
1.1.1.1.0.0.1.0.0.1,5,1.1.1.1.0.0.1.0.0.1,-0.1,False
1.1.1.1.0.0.1.0.0.1,0,0.1.1.1.0.0.0.0.0.1,-1,True
1.1.1.1.0.0.1.0.0.1,4,1.1.0.1.0.0.1.0.0.1,-0.1,False
1.1.0.1.0.0.1.0.0.1,5,1.1.1.1.0.0.1.0.0.0,-0.1,False
1.1.1.1.0.0.1.0.0.0,4,1.1.0.1.0.0.1.0.0.0,-1,True
1.1.1.1.0.0.1.0.0.1,3,1.0.0.0.0.0.1.0.0.1,-1,True
1.1.1.1.0.0.1.0.0.1,3,1.0.0.0.0.0.1.0.0.1,-1,True
1.1.1.1.0.0.1.0.0.1,2,1.1.0.1.0.0.1.0.0.1,-0.1,False
1.1.0.1.0.0.1.0.0.1,5,1.1.1.1.0.0.1.0.0.1,-0.1,False
1.1.1.1.0.0.1.0.0.1,3,1.0.0.0.0.0.1.0.0.1,-1,True
1.1.1.1.0.0.1.0.0.1,2,1.1.0.1.0.0.1.0.0.1,-0.1,False
1.1.0.1.0.0.1.0.0.1,3,1.0.0.0.0.0.1.0.0.1,-1,True
1.1.1.1.0.0.1.0.0.1,1,1.1.1.1.0.0.1.0.0.1,-0.1,False
1.1.1.1.0.0.1.0.0.1,2,1.1.1.1.0.0.1.0.0.1,-0.1,False
1.1.1.1.0.0.1.0.0.1,1,1.0.1.1.0.0.1.0.0.1,-0.1,False
1.0.1.1.0.0.1.0.0.1,3,1.0.0.1.0.0.1.0.0.1,-0.1,False
1.0.0.1.0.0.1.0.0.1,0,1.0.1.1.0.0.1.0.0.1,-0.1,False
1.0.1.1.0.0.1.0.0.1,5,1.1.1.1.0.0.1.0.0.1,-0.1,False
1.1.1.1.0.0.1.0.0.1,1,1.0.1.1.0.0.1.0.0.1,-0.1,False
1.1.1.1.0.0.1.0.0.0,3,1.1.0.1.0.0.1.0.0.0,-0.1,False
1.1.0.1.0.0.1.0.0.0,0,1.1.1.1.0.0.1.0.0.0,-0.1,False
1.1.1.1.0.0.1.0.0.0,1,1.1.1.1.0.0.1.0.0.0,-0.1,False
1.1.1.1.0.0.1.0.0.0,3,1.1.1.1.0.0.1.0.0.0,-1,True
1.1.1.1.0.0.1.0.0.0,4,1.1.1.1.0.0.1.1.0.0,-1,True
1.1.1.1.0.0.1.0.0.0,2,1.1.1.1.0.0.1.0.0.0,-1,True
1.1.1.1.0.0.1.0.0.0,1,1.1.1.1.0.0.1.0.0.0,-0.1,False
1.1.1.1.0.0.1.0.0.0,4,1.1.1.1.0.0.1.0.0.0,-0.1,False
1.1.1.1.0.0.1.0.0.0,2,1.1.1.1.0.0.1.0.0.0,-1,True
1.1.1.1.0.0.1.0.0.0,0,1.1.1.1.0.0.1.0.0.0,-1,True
1.1.1.1.0.0.1.0.0.0,0,1.1.1.1.0.0.1.0.0.0,-1,True
1.1.1.1.0.0.1.0.0.0,1,1.1.1.1.0.0.1.0.0.0,-0.1,False
1.1.1.1.0.0.1.0.0.0,4,1.1.1.1.0.0.1.0.0.0,-0.1,False
1.1.1.1.0.0.1.0.0.0,0,1.1.1.1.0.0.1.0.0.0,-1,True
1.1.1.1.0.0.1.0.0.0,3,1.1.0.1.0.0.1.0.0.0,-0.1,False
1.1.0.1.0.0.1.0.0.0,5,1.1.1.1.0.0.1.1.0.0,-1,True
1.1.1.1.0.0.1.0.0.0,1,1.1.1.1.0.0.1.0.0.0,-0.1,False
1.1.1.1.0.0.1.0.0.0,0,1.1.1.1.0.0.0.0.0.0,1,True
1.1.1.1.0.0.1.0.0.0,5,1.1.1.1.0.0.1.1.0.0,-1,True
1.1.1.1.0.0.1.0.0.0,2,1.1.1.1.0.0.1.0.0.0,-1,True
1.1.1.1.0.0.1.0.0.0,4,1.1.1.1.0.0.1.1.0.0,-1,True
1.1.1.1.0.0.1.0.0.0,3,1.1.0.1.0.0.1.0.0.0,-0.1,False
1.1.0.1.0.0.1.0.0.0,2,1.0.0.0.0.0.1.0.0.0,-1,True
1.1.1.1.0.0.1.0.0.0,3,1.1.0.1.0.0.1.0.0.0,-0.1,False
1.1.0.1.0.0.1.0.0.0,5,1.1.1.1.0.0.1.1.0.0,-1,True
1.1.1.1.0.0.1.0.0.0,3,1.1.0.1.0.0.1.0.0.0,-0.1,False
1.1.0.1.0.0.1.0.0.0,2,1.0.0.0.0.0.1.0.0.0,-1,True
1.1.1.1.0.0.1.0.0.0,4,1.1.1.1.0.0.1.1.0.0,-1,True
1.1.1.1.0.0.1.0.0.0,4,1.1.1.1.0.0.1.1.0.0,-1,True
1.1.1.1.0.0.1.0.0.0,3,1.1.0.1.0.0.1.0.0.0,-0.1,False
1.1.0.1.0.0.1.0.0.0,0,1.1.1.1.0.0.1.0.0.0,-0.1,False
1.1.1.1.0.0.1.0.0.0,0,1.1.1.1.0.0.1.0.0.0,-1,True
1.1.1.1.0.0.1.0.0.0,5,1.1.1.1.0.0.1.1.0.0,-1,True
1.1.1.1.0.0.1.0.0.0,3,1.1.0.1.0.0.1.0.0.0,-0.1,False
1.1.0.1.0.0.1.0.0.0,0,1.1.1.1.0.0.1.0.0.0,-0.1,False
1.1.1.1.0.0.1.0.0.0,5,1.1.1.1.0.0.1.1.0.0,-1,True
1.1.1.1.0.0.1.0.0.0,5,1.1.1.1.0.0.1.1.0.0,-1,True
1.1.1.1.0.0.1.0.0.0,0,1.1.1.1.0.0.1.0.0.0,-1,True
1.1.1.1.0.0.1.0.0.0,4,1.1.1.1.0.0.1.1.0.0,-1,True
1.1.1.1.0.0.1.0.0.0,5,1.1.1.1.0.0.1.1.0.0,-1,True
1.1.1.1.0.0.1.0.0.0,0,1.1.1.1.0.0.1.0.0.0,-1,True
1.1.1.1.0.0.1.0.0.0,0,1.1.1.1.0.0.1.0.0.0,-1,True
1.1.1.1.0.0.1.0.0.0,1,1.1.1.1.0.0.1.0.0.0,-0.1,False
1.1.1.1.0.0.1.0.0.0,2,1.0.1.1.0.0.1.0.0.1,-0.1,False
1.0.1.1.0.0.1.0.0.1,0,1.0.1.1.0.0.1.0.0.1,-0.1,False
1.0.1.1.0.0.1.0.0.1,1,1.0.1.1.0.0.0.0.0.1,-1,True
1.1.1.1.0.0.1.0.0.0,1,1.1.1.1.0.0.1.0.0.0,-0.1,False
1.1.1.1.0.0.1.0.0.0,0,1.1.1.1.0.0.0.0.0.0,1,True
1.1.1.1.0.0.1.0.0.0,0,1.1.1.1.0.0.1.0.0.0,-1,True
1.1.1.1.0.0.1.0.0.0,5,1.1.1.1.0.0.1.1.0.0,-1,True
1.1.1.1.0.0.1.0.0.0,3,1.1.0.1.0.0.1.0.0.0,-0.1,False
1.1.0.1.0.0.1.0.0.0,3,1.0.0.0.0.0.1.0.0.0,-1,True
1.1.1.1.0.0.1.0.0.0,5,1.1.1.1.0.0.1.1.0.0,-1,True
1.1.1.1.0.0.1.0.0.0,1,1.1.1.1.0.0.1.0.0.0,-0.1,False
1.1.1.1.0.0.1.0.0.0,1,1.0.1.1.0.0.1.0.0.1,-0.1,False
1.0.1.1.0.0.1.0.0.1,2,1.0.1.1.0.0.1.0.0.1,-0.1,False
1.0.1.1.0.0.1.0.0.1,3,1.0.1.1.0.0.1.0.0.1,-0.1,False
1.0.1.1.0.0.1.0.0.1,2,0.0.0.1.0.0.1.0.0.1,-1,True
1.1.1.1.0.0.1.0.0.0,3,1.1.0.1.0.0.1.0.0.0,-0.1,False
1.1.0.1.0.0.1.0.0.0,2,1.0.0.0.0.0.1.0.0.0,-1,True
1.1.1.1.0.0.1.0.0.0,3,1.1.0.1.0.0.1.0.0.0,-0.1,False
1.1.0.1.0.0.1.0.0.0,4,1.0.0.0.0.0.1.1.0.0,-1,True
1.1.1.1.0.0.1.0.0.0,3,1.1.0.1.0.0.1.0.0.0,-0.1,False
1.1.0.1.0.0.1.0.0.0,3,1.0.0.0.0.0.1.0.0.0,-1,True
1.1.1.1.0.0.1.0.0.0,0,1.1.1.1.0.0.1.0.0.0,-1,True
1.1.1.1.0.0.1.0.0.0,2,1.1.1.1.0.0.1.0.0.0,-1,True
1.1.1.1.0.0.1.0.0.0,3,1.1.0.1.0.0.1.0.0.0,-0.1,False
1.1.0.1.0.0.1.0.0.0,4,1.0.0.0.0.0.1.1.0.0,-1,True
1.1.1.1.0.0.1.0.0.0,1,1.1.1.1.0.0.1.0.0.0,-0.1,False
1.1.1.1.0.0.1.0.0.0,4,1.1.1.1.0.0.1.0.0.0,-0.1,False
1.1.1.1.0.0.1.0.0.0,1,1.1.1.1.0.0.1.0.0.0,-0.1,False
1.1.1.1.0.0.1.0.0.0,1,1.0.1.1.0.0.1.0.0.1,-0.1,False
1.0.1.1.0.0.1.0.0.1,3,1.0.1.1.0.0.1.0.0.1,-0.1,False
1.0.1.1.0.0.1.0.0.1,1,1.0.1.1.0.0.1.0.0.1,-0.1,False
1.0.1.1.0.0.1.0.0.1,1,0.0.0.1.0.0.1.0.0.1,-1,True
1.1.1.1.0.0.1.0.0.0,3,1.1.0.1.0.0.1.0.0.0,-0.1,False
1.1.0.1.0.0.1.0.0.0,5,1.1.1.1.0.0.1.1.0.0,-1,True
1.1.1.1.0.0.1.0.0.0,3,1.1.0.1.0.0.1.0.0.0,-0.1,False
1.1.0.1.0.0.1.0.0.0,3,1.0.0.0.0.0.1.0.0.0,-1,True
1.1.1.1.0.0.1.0.0.0,5,1.1.1.1.0.0.1.1.0.0,-1,True
1.1.1.1.0.0.1.0.0.0,2,1.1.1.1.0.0.1.0.0.0,-1,True
1.1.1.1.0.0.1.0.0.0,1,1.1.1.1.0.0.1.0.0.0,-0.1,False
1.1.1.1.0.0.1.0.0.0,1,1.0.1.1.0.0.1.0.0.1,-0.1,False
1.0.1.1.0.0.1.0.0.1,0,0.0.1.1.0.0.0.0.1.1,-0.1,False
0.0.1.1.0.0.0.0.1.1,2,1.0.1.1.0.0.0.0.0.1,-1,True
1.1.1.1.0.0.1.0.0.0,4,1.1.1.1.0.0.1.1.0.0,-1,True
1.1.1.1.0.0.1.0.0.0,4,1.1.1.1.0.0.1.1.0.0,-1,True
1.1.1.1.0.0.1.0.0.0,2,1.1.1.1.0.0.1.0.0.0,-1,True
1.1.1.1.0.0.1.0.0.0,5,1.1.1.1.0.0.1.1.0.0,-1,True
1.1.1.1.0.0.1.0.0.0,2,1.1.1.1.0.0.1.0.0.0,-1,True
1.1.1.1.0.0.1.0.0.0,2,1.1.1.1.0.0.1.0.0.0,-1,True
1.1.1.1.0.0.1.0.0.0,0,1.1.1.1.0.0.1.0.0.0,-1,True
1.1.1.1.0.0.1.0.0.0,1,1.1.1.1.0.0.1.0.0.0,-0.1,False
1.1.1.1.0.0.1.0.0.0,2,1.0.1.1.0.0.1.0.0.1,-0.1,False
1.0.1.1.0.0.1.0.0.1,4,1.1.1.1.0.0.1.0.0.0,-1,True
1.1.1.1.0.0.1.0.0.0,1,1.1.1.1.0.0.1.0.0.0,-0.1,False
1.1.1.1.0.0.1.0.0.0,0,1.1.1.1.0.0.0.0.0.0,1,True
1.1.1.1.0.0.1.0.0.0,4,1.1.1.1.0.0.1.1.0.0,-1,True
1.1.1.1.0.0.1.0.0.0,4,1.1.1.1.0.0.1.1.0.0,-1,True
1.1.1.1.0.0.1.0.0.0,0,1.1.1.1.0.0.1.0.0.0,-1,True
1.1.1.1.0.0.1.0.0.0,0,1.1.1.1.0.0.1.0.0.0,-1,True
1.1.1.1.0.0.1.0.0.0,2,1.1.1.1.0.0.1.0.0.0,-1,True
1.1.1.1.0.0.1.0.0.0,1,1.1.1.1.0.0.1.0.0.0,-0.1,False
1.1.1.1.0.0.1.0.0.0,5,1.1.1.1.0.0.1.0.0.0,-1,True
1.1.1.1.0.0.1.0.0.0,5,1.1.1.1.0.0.1.1.0.0,-1,True
1.1.1.1.0.0.1.0.0.0,4,1.1.1.1.0.0.1.1.0.0,-1,True
1.1.1.1.0.0.1.0.0.0,0,1.1.1.1.0.0.1.0.0.0,-1,True
1.1.1.1.0.0.1.0.0.0,3,1.1.0.1.0.0.1.0.0.0,-0.1,False
1.1.0.1.0.0.1.0.0.0,1,1.1.1.1.0.0.1.0.0.0,-1,True
1.1.1.1.0.0.1.0.0.0,4,1.1.1.1.0.0.1.1.0.0,-1,True
1.1.1.1.0.0.1.0.0.0,5,1.1.1.1.0.0.1.1.0.0,-1,True
1.1.1.1.0.0.1.0.0.0,3,1.1.0.1.0.0.1.0.0.0,-0.1,False
1.1.0.1.0.0.1.0.0.0,0,1.1.1.1.0.0.1.0.0.0,-0.1,False
1.1.1.1.0.0.1.0.0.0,5,1.1.1.1.0.0.1.1.0.0,-1,True
1.1.1.1.0.0.1.0.0.0,5,1.1.1.1.0.0.1.1.0.0,-1,True
1.1.1.1.0.0.1.0.0.0,1,1.1.1.1.0.0.1.0.0.0,-0.1,False
1.1.1.1.0.0.1.0.0.0,3,1.1.1.1.0.0.1.0.0.0,-1,True
1.1.1.1.0.0.1.0.0.0,1,1.1.1.1.0.0.1.0.0.0,-0.1,False
1.1.1.1.0.0.1.0.0.0,5,1.1.1.1.0.0.1.0.0.0,-1,True
1.1.1.1.0.0.1.0.0.0,0,1.1.1.1.0.0.1.0.0.0,-1,True
1.1.1.1.0.0.1.0.0.0,5,1.1.1.1.0.0.1.1.0.0,-1,True
1.1.1.1.0.0.1.0.0.0,5,1.1.1.1.0.0.1.1.0.0,-1,True
1.1.1.1.0.0.1.0.0.0,4,1.1.1.1.0.0.1.1.0.0,-1,True
1.1.1.1.0.0.1.0.0.0,1,1.1.1.1.0.0.1.0.0.0,-0.1,False
1.1.1.1.0.0.1.0.0.0,3,1.1.1.1.0.0.1.0.0.0,-1,True
1.1.1.1.0.0.1.0.0.0,2,1.1.1.1.0.0.1.0.0.0,-1,True
1.1.1.1.0.0.1.0.0.0,1,1.1.1.1.0.0.1.0.0.0,-0.1,False
1.1.1.1.0.0.1.0.0.0,3,1.1.1.1.0.0.1.0.0.0,-1,True
1.1.1.1.0.0.1.0.0.0,5,1.1.1.1.0.0.1.1.0.0,-1,True
1.1.1.1.0.0.1.0.0.0,4,1.1.1.1.0.0.1.1.0.0,-1,True
1.1.1.1.0.0.1.0.0.0,1,1.1.1.1.0.0.1.0.0.0,-0.1,False
1.1.1.1.0.0.1.0.0.0,2,1.0.1.1.0.0.1.0.0.1,-0.1,False
1.0.1.1.0.0.1.0.0.1,2,1.0.1.1.0.0.1.0.0.1,-0.1,False
1.0.1.1.0.0.1.0.0.1,4,1.0.0.1.0.0.1.0.0.1,-0.1,False
1.0.0.1.0.0.1.0.0.1,4,1.0.0.0.0.0.1.0.0.0,-1,True
1.1.1.1.0.0.1.0.0.0,2,1.1.1.1.0.0.1.0.0.0,-1,True
1.1.1.1.0.0.1.0.0.0,2,1.1.1.1.0.0.1.0.0.0,-1,True
1.1.1.1.0.0.1.0.0.0,2,1.1.1.1.0.0.1.0.0.0,-1,True
1.1.1.1.0.0.1.0.0.0,3,1.1.0.1.0.0.1.0.0.0,-0.1,False
1.1.0.1.0.0.1.0.0.0,2,1.0.0.0.0.0.1.0.0.0,-1,True
1.1.1.1.0.0.1.0.0.0,3,1.1.0.1.0.0.1.0.0.0,-0.1,False
1.1.0.1.0.0.1.0.0.0,2,1.0.0.0.0.0.1.0.0.0,-1,True
1.1.1.1.0.0.1.0.0.0,3,1.1.0.1.0.0.1.0.0.0,-0.1,False
1.1.0.1.0.0.1.0.0.0,4,1.0.0.0.0.0.1.1.0.0,-1,True
1.1.1.1.0.0.1.0.0.0,3,1.1.0.1.0.0.1.0.0.0,-0.1,False
1.1.0.1.0.0.1.0.0.0,3,1.0.0.0.0.0.1.0.0.0,-1,True
1.1.1.1.0.0.1.0.0.0,3,1.1.0.1.0.0.1.0.0.0,-0.1,False
1.1.0.1.0.0.1.0.0.0,5,1.1.1.1.0.0.1.1.0.0,-1,True
1.1.1.1.0.0.1.0.0.0,2,1.1.1.1.0.0.1.0.0.0,-1,True
1.1.1.1.0.0.1.0.0.0,5,1.1.1.1.0.0.1.1.0.0,-1,True
1.1.1.1.0.0.1.0.0.0,4,1.1.1.1.0.0.1.1.0.0,-1,True
1.1.1.1.0.0.1.0.0.0,4,1.1.1.1.0.0.1.1.0.0,-1,True
1.1.1.1.0.0.1.0.0.0,1,1.1.1.1.0.0.1.0.0.0,-0.1,False
1.1.1.1.0.0.1.0.0.0,0,1.1.1.1.0.0.0.0.0.0,1,True
1.1.1.1.0.0.1.0.0.0,0,1.1.1.1.0.0.1.0.0.0,-1,True
1.1.1.1.0.0.1.0.0.0,0,1.1.1.1.0.0.1.0.0.0,-1,True
1.1.1.1.0.0.1.0.0.0,2,1.1.1.1.0.0.1.0.0.0,-1,True
1.1.1.1.0.0.1.0.0.0,4,1.1.1.1.0.0.1.1.0.0,-1,True
1.1.1.1.0.0.1.0.0.0,4,1.1.1.1.0.0.1.1.0.0,-1,True
1.1.1.1.0.0.1.0.0.0,1,1.1.1.1.0.0.1.0.0.0,-0.1,False
1.1.1.1.0.0.1.0.0.0,1,1.0.1.1.0.0.1.0.0.1,-0.1,False
1.0.1.1.0.0.1.0.0.1,1,1.0.1.1.0.0.0.0.0.1,-1,True
1.1.1.1.0.0.1.0.0.0,2,1.1.1.1.0.0.1.0.0.0,-1,True
1.1.1.1.0.0.1.0.0.0,1,1.1.1.1.0.0.1.0.0.0,-0.1,False
1.1.1.1.0.0.1.0.0.0,1,1.0.1.1.0.0.1.0.0.1,-0.1,False
1.0.1.1.0.0.1.0.0.1,4,1.1.1.1.0.0.1.0.0.0,-0.1,False
1.1.1.1.0.0.1.0.0.0,2,1.0.1.1.0.0.1.0.0.1,-0.1,False
1.0.1.1.0.0.1.0.0.1,2,1.0.1.1.0.0.1.0.0.1,-0.1,False
1.0.1.1.0.0.1.0.0.1,4,1.0.0.1.0.0.1.0.0.1,-0.1,False
1.0.0.1.0.0.1.0.0.1,4,1.0.0.0.0.0.1.0.0.0,-1,True
1.1.1.1.0.0.1.0.0.0,0,1.1.1.1.0.0.1.0.0.0,-1,True
1.1.1.1.0.0.1.0.0.0,4,1.1.1.1.0.0.1.1.0.0,-1,True
1.1.1.1.0.0.1.0.0.0,3,1.1.0.1.0.0.1.0.0.0,-0.1,False
1.1.0.1.0.0.1.0.0.0,3,1.0.0.0.0.0.1.0.0.0,-1,True
1.1.1.1.0.0.1.0.0.0,4,1.1.1.1.0.0.1.1.0.0,-1,True
1.1.1.1.0.0.1.0.0.0,5,1.1.1.1.0.0.1.1.0.0,-1,True
1.1.1.1.0.0.1.0.0.0,1,1.1.1.1.0.0.1.0.0.0,-0.1,False
1.1.1.1.0.0.1.0.0.0,4,1.1.1.1.0.0.1.0.0.0,-0.1,False
1.1.1.1.0.0.1.0.0.0,1,1.1.1.1.0.0.1.0.0.0,-0.1,False
1.1.1.1.0.0.1.0.0.0,1,1.0.1.1.0.0.1.0.0.1,-0.1,False
1.0.1.1.0.0.1.0.0.1,5,1.1.1.1.0.0.0.0.0.0,1,True
1.1.1.1.0.0.1.0.0.0,0,1.1.1.1.0.0.1.0.0.0,-1,True
1.1.1.1.0.0.1.0.0.0,1,1.1.1.1.0.0.1.0.0.0,-0.1,False
1.1.1.1.0.0.1.0.0.0,1,1.0.1.1.0.0.1.0.0.1,-0.1,False
1.0.1.1.0.0.1.0.0.1,0,0.0.1.1.0.0.0.0.1.1,-0.1,False
0.0.1.1.0.0.0.0.1.1,1,0.0.1.1.0.0.0.0.1.1,-1,True
1.1.1.1.0.0.1.0.0.0,5,1.1.1.1.0.0.1.1.0.0,-1,True
1.1.1.1.0.0.1.0.0.0,2,1.1.1.1.0.0.1.0.0.0,-1,True
1.1.1.1.0.0.1.0.0.0,5,1.1.1.1.0.0.1.1.0.0,-1,True
1.1.1.1.0.0.1.0.0.0,3,1.1.0.1.0.0.1.0.0.0,-0.1,False
1.1.0.1.0.0.1.0.0.0,0,1.1.1.1.0.0.1.0.0.0,-0.1,False
1.1.1.1.0.0.1.0.0.0,1,1.1.1.1.0.0.1.0.0.0,-0.1,False
1.1.1.1.0.0.1.0.0.0,3,1.1.1.1.0.0.1.0.0.0,-1,True
1.1.1.1.0.0.1.0.0.0,3,1.1.0.1.0.0.1.0.0.0,-0.1,False
1.1.0.1.0.0.1.0.0.0,4,1.0.0.0.0.0.1.1.0.0,-1,True
1.1.1.1.0.0.1.0.0.0,2,1.1.1.1.0.0.1.0.0.0,-1,True
1.1.1.1.0.0.1.0.0.0,4,1.1.1.1.0.0.1.1.0.0,-1,True
1.1.1.1.0.0.1.0.0.0,0,1.1.1.1.0.0.1.0.0.0,-1,True
1.1.1.1.0.0.1.0.0.0,3,1.1.0.1.0.0.1.0.0.0,-0.1,False
1.1.0.1.0.0.1.0.0.0,3,1.0.0.0.0.0.1.0.0.0,-1,True
